0.01111111
0.012987013
0.019480519
0.021428572
0.021428572
0.021428572
0.0234375
0.025974026
0.029220778
0.012987013
0.02222222
0.02222222
0.025974026
0.032467533
0.038961038
0.042857144
0.042857144
0.042857144
0.016981132
0.025974026
0.033333335
0.033333335
0.033333335
0.038961038
0.045454547
0.051948052
0.058441557
0.02264151
0.025974026
0.038961038
0.04444444
0.04444444
0.04444444
0.046511628
0.051948052
0.058441557
0.025641026
0.028301887
0.038961038
0.051948052
0.055555556
0.055555556
0.055555556
0.055555556
0.05882353
0.025641026
0.033962265
0.038961038
0.051948052
0.064935066
0.06666667
0.06666667
0.06666667
0.06666667
0.02631579
0.039622642
0.039622642
0.051948052
0.064935066
0.07777777
0.07777777
0.07777777
0.07777777
0.02631579
0.04528302
0.04528302
0.051948052
0.064935066
0.077922076
0.08888888
0.08888888
0.08888888
0.025714286
0.050943397
0.050943397
0.052123554
0.064935066
0.077922076
0.09090909
0.10000001
0.10000001
