1.1627908
1.1627908
1.1627908
1.1627908
1.1627908
1.1627908
1.1627908
1.1627908
1.1688311
1.2337662
1.2987013
1.3636364
1.4285715
1.4935064
1.5584416
1.6233766
1.6883117
1.7532468
1.8181818
1.8831168
1.9480519
2.0129871
2.077922
2.142857
2.2077923
2.2727273
2.3376622
2.34375
2.34375
2.34375
2.34375
2.34375
2.34375
2.34375
2.34375
2.34375
2.34375
2.34375
2.34375
2.34375
2.34375
2.34375
2.34375
2.34375
2.34375
2.34375
2.34375
2.34375
2.34375
2.34375
2.34375
2.34375
2.34375
2.34375
2.34375
2.34375
2.34375
2.34375
2.34375
2.34375
2.34375
2.34375
2.34375
2.37013
2.4025974
2.435065
2.4675326
2.5
2.5324676
2.5649352
2.5974026
2.6298702
2.6623378
2.6948051
2.727273
2.7597404
2.7922077
2.8246756
2.857143
2.8896105
2.9220781
2.9545455
2.987013
3.0194807
3.051948
3.0844157
3.1168833
3.1493506
3.1818182
3.2142859
1.2790698
1.2790698
1.2790698
1.2790698
1.2790698
1.2790698
1.2790698
1.2790698
1.2790698
1.2790698
1.2987013
1.3636364
1.4285715
1.4935066
1.5584415
1.6233766
1.6883117
1.7532468
1.8181818
1.883117
1.9480519
2.0129871
2.077922
2.142857
2.2077923
2.2727273
2.3376622
2.4025974
2.4675324
2.5324676
2.578125
2.578125
2.578125
2.578125
2.578125
2.578125
2.578125
2.578125
2.578125
2.578125
2.578125
2.578125
2.578125
2.578125
2.578125
2.578125
2.578125
2.578125
2.578125
2.578125
2.578125
2.578125
2.578125
2.578125
2.578125
2.578125
2.578125
2.578125
2.578125
2.578125
2.578125
2.578125
2.578125
2.578125
2.578125
2.578125
2.578125
2.578125
2.578125
2.578125
2.5974026
2.6298704
2.6623378
2.6948051
2.727273
2.7597404
2.792208
2.8246756
2.857143
2.8896105
2.9220781
2.9545455
2.987013
3.0194807
3.051948
3.0844157
3.1168833
3.1493506
3.1818182
3.2142859
1.2987013
1.3953489
1.3953489
1.3953489
1.3953489
1.3953489
1.3953489
1.3953489
1.3953489
1.3953489
1.3953489
1.3953489
1.4285715
1.4935066
1.5584415
1.6233766
1.6883117
1.7532468
1.8181818
1.883117
1.9480519
2.0129871
2.077922
2.142857
2.2077923
2.2727273
2.3376622
2.4025974
2.4675324
2.5324676
2.5974026
2.6623378
2.7272727
2.7922077
2.8125
2.8125
2.8125
2.8125
2.8125
2.8125
2.8125
2.8125
2.8125
2.8125
2.8125
2.8125
2.8125
2.8125
2.8125
2.8125
2.8125
2.8125
2.8125
2.8125
2.8125
2.8125
2.8125
2.8125
2.8125
2.8125
2.8125
2.8125
2.8125
2.8125
2.8125
2.8125
2.8125
2.8125
2.8125
2.8125
2.8125
2.8125
2.8125
2.8125
2.8125
2.8125
2.8125
2.824675
2.8571427
2.8896103
2.9220777
2.9545453
2.9870129
3.0194802
3.0519478
3.0844154
3.1168828
3.1493506
3.181818
3.2142854
1.2987013
1.4285715
1.5116279
1.5116279
1.5116279
1.5116279
1.5116279
1.5116279
1.5116279
1.5116279
1.5116279
1.5116279
1.5116279
1.5116279
1.5584415
1.6233766
1.6883117
1.7532468
1.8181819
1.8831168
1.9480519
2.0129871
2.077922
2.142857
2.2077923
2.2727273
2.3376622
2.4025974
2.4675324
2.5324676
2.5974026
2.6623378
2.7272727
2.7922077
2.857143
2.922078
2.987013
3.046875
3.046875
3.046875
3.046875
3.046875
3.046875
3.046875
3.046875
3.046875
3.046875
3.046875
3.046875
3.046875
3.046875
3.046875
3.046875
3.046875
3.046875
3.046875
3.046875
3.046875
3.046875
3.046875
3.046875
3.046875
3.046875
3.046875
3.046875
3.046875
3.046875
3.046875
3.046875
3.046875
3.046875
3.046875
3.046875
3.046875
3.046875
3.046875
3.046875
3.046875
3.046875
3.046875
3.046875
3.046875
3.046875
3.046875
3.051948
3.0844154
3.116883
3.1493506
3.181818
3.2142856
1.2987013
1.4285715
1.5584416
1.627907
1.627907
1.627907
1.627907
1.627907
1.627907
1.627907
1.627907
1.627907
1.627907
1.627907
1.627907
1.627907
1.6883117
1.7532468
1.8181819
1.8831168
1.9480519
2.0129871
2.077922
2.142857
2.2077923
2.2727273
2.3376622
2.4025974
2.4675324
2.5324676
2.5974026
2.6623378
2.7272727
2.7922077
2.857143
2.922078
2.9870129
3.051948
3.116883
3.1818182
3.2467532
3.28125
3.28125
3.28125
3.28125
3.28125
3.28125
3.28125
3.28125
3.28125
3.28125
3.28125
3.28125
3.28125
3.28125
3.28125
3.28125
3.28125
3.28125
3.28125
3.28125
3.28125
3.28125
3.28125
3.28125
3.28125
3.28125
3.28125
3.28125
3.28125
3.28125
3.28125
3.28125
3.28125
3.28125
3.28125
3.28125
3.28125
3.28125
3.28125
3.28125
3.28125
3.28125
3.28125
3.28125
3.28125
3.28125
3.28125
3.28125
3.28125
1.2987013
1.4285713
1.5584415
1.6883116
1.7441859
1.7441859
1.7441859
1.7441859
1.7441859
1.7441859
1.7441859
1.7441859
1.7441859
1.7441859
1.7441859
1.7441859
1.7441859
1.7532468
1.8181819
1.8831168
1.9480519
2.0129871
2.077922
2.142857
2.2077923
2.2727273
2.3376622
2.4025974
2.4675326
2.5324676
2.5974026
2.6623378
2.7272727
2.7922077
2.857143
2.922078
2.9870129
3.051948
3.116883
3.1818182
3.2467532
3.3116884
3.3766234
3.4415584
3.5064936
3.515625
3.515625
3.515625
3.515625
3.515625
3.515625
3.515625
3.515625
3.515625
3.515625
3.515625
3.515625
3.515625
3.515625
3.515625
3.515625
3.515625
3.515625
3.515625
3.515625
3.515625
3.515625
3.515625
3.515625
3.515625
3.515625
3.515625
3.515625
3.515625
3.515625
3.515625
3.515625
3.515625
3.515625
3.515625
3.515625
3.515625
3.515625
3.515625
3.515625
3.515625
3.515625
3.515625
3.515625
3.515625
1.2987013
1.4285713
1.5584415
1.6883116
1.8181818
1.860465
1.860465
1.860465
1.860465
1.860465
1.860465
1.860465
1.860465
1.860465
1.860465
1.860465
1.860465
1.860465
1.860465
1.8831168
1.9480519
2.0129871
2.077922
2.142857
2.2077923
2.2727273
2.3376622
2.4025974
2.4675326
2.5324674
2.5974026
2.6623378
2.7272727
2.7922077
2.857143
2.922078
2.9870129
3.051948
3.116883
3.1818182
3.2467532
3.3116884
3.3766234
3.4415584
3.5064936
3.5714285
3.6363637
3.7012987
3.75
3.75
3.75
3.75
3.75
3.75
3.75
3.75
3.75
3.75
3.75
3.75
3.75
3.75
3.75
3.75
3.75
3.75
3.75
3.75
3.75
3.75
3.75
3.75
3.75
3.75
3.75
3.75
3.75
3.75
3.75
3.75
3.75
3.75
3.75
3.75
3.75
3.75
3.75
3.75
3.75
3.75
1.2987013
1.4285715
1.5584415
1.6883116
1.8181818
1.9480519
1.9767442
1.9767442
1.9767442
1.9767442
1.9767442
1.9767442
1.9767442
1.9767442
1.9767442
1.9767442
1.9767442
1.9767442
1.9767442
1.9767442
1.9767442
2.0129871
2.077922
2.142857
2.2077923
2.2727273
2.3376622
2.4025974
2.4675326
2.5324674
2.5974026
2.6623378
2.7272727
2.7922077
2.857143
2.922078
2.9870129
3.051948
3.116883
3.1818182
3.2467532
3.3116884
3.3766234
3.4415584
3.5064936
3.5714285
3.6363635
3.7012987
3.7662337
3.831169
3.8961039
3.961039
3.984375
3.984375
3.984375
3.984375
3.984375
3.984375
3.984375
3.984375
3.984375
3.984375
3.984375
3.984375
3.984375
3.984375
3.984375
3.984375
3.984375
3.984375
3.984375
3.984375
3.984375
3.984375
3.984375
3.984375
3.984375
3.984375
3.984375
3.984375
3.984375
3.984375
3.984375
3.984375
3.984375
3.984375
3.984375
3.984375
3.984375
3.984375
1.2987013
1.4285715
1.5584415
1.6883117
1.8181818
1.9480519
2.077922
2.0930233
2.0930233
2.0930233
2.0930233
2.0930233
2.0930233
2.0930233
2.0930233
2.0930233
2.0930233
2.0930233
2.0930233
2.0930233
2.0930233
2.0930233
2.0930233
2.142857
2.2077923
2.2727273
2.3376622
2.4025974
2.4675326
2.5324674
2.5974026
2.6623378
2.7272727
2.7922077
2.857143
2.922078
2.9870129
3.051948
3.1168833
3.181818
3.2467532
3.3116884
3.3766234
3.4415584
3.5064936
3.5714285
3.6363635
3.7012987
3.7662337
3.831169
3.8961039
3.961039
4.025974
4.090909
4.155844
4.21875
4.21875
4.21875
4.21875
4.21875
4.21875
4.21875
4.21875
4.21875
4.21875
4.21875
4.21875
4.21875
4.21875
4.21875
4.21875
4.21875
4.21875
4.21875
4.21875
4.21875
4.21875
4.21875
4.21875
4.21875
4.21875
4.21875
4.21875
4.21875
4.21875
4.21875
4.21875
4.21875
4.21875
4.21875
1.2987013
1.4285715
1.5584416
1.6883117
1.8181818
1.9480519
2.077922
2.2077923
2.2093024
2.2093024
2.2093024
2.2093024
2.2093024
2.2093024
2.2093024
2.2093024
2.2093024
2.2093024
2.2093024
2.2093024
2.2093024
2.2093024
2.2093024
2.2093024
2.2093024
2.2727273
2.3376622
2.4025974
2.4675326
2.5324674
2.5974026
2.6623378
2.7272727
2.7922077
2.857143
2.922078
2.9870129
3.051948
3.1168833
3.181818
3.2467532
3.3116884
3.3766234
3.4415584
3.5064936
3.5714285
3.6363635
3.7012987
3.7662337
3.831169
3.8961039
3.961039
4.0259743
4.090909
4.155844
4.2207794
4.285714
4.3506494
4.4155846
4.453125
4.453125
4.453125
4.453125
4.453125
4.453125
4.453125
4.453125
4.453125
4.453125
4.453125
4.453125
4.453125
4.453125
4.453125
4.453125
4.453125
4.453125
4.453125
4.453125
4.453125
4.453125
4.453125
4.453125
4.453125
4.453125
4.453125
4.453125
4.453125
4.453125
4.453125
1.2987013
1.4285715
1.5584416
1.6883117
1.8181818
1.9480519
2.077922
2.2077923
2.3255816
2.3255816
2.3255816
2.3255816
2.3255816
2.3255816
2.3255816
2.3255816
2.3255816
2.3255816
2.3255816
2.3255816
2.3255816
2.3255816
2.3255816
2.3255816
2.3255816
2.3255816
2.3376622
2.4025974
2.4675324
2.5324676
2.5974026
2.6623378
2.7272727
2.7922077
2.857143
2.922078
2.9870129
3.051948
3.1168833
3.181818
3.2467532
3.3116884
3.3766234
3.4415584
3.5064936
3.5714285
3.6363635
3.7012987
3.7662337
3.831169
3.8961039
3.961039
4.0259743
4.090909
4.155844
4.2207794
4.285714
4.3506494
4.4155846
4.4805193
4.5454545
4.6103897
4.6753244
4.6875
4.6875
4.6875
4.6875
4.6875
4.6875
4.6875
4.6875
4.6875
4.6875
4.6875
4.6875
4.6875
4.6875
4.6875
4.6875
4.6875
4.6875
4.6875
4.6875
4.6875
4.6875
4.6875
4.6875
4.6875
4.6875
4.6875
1.2987013
1.4285715
1.5584415
1.6883117
1.8181818
1.9480519
2.077922
2.2077923
2.3376622
2.4418604
2.4418604
2.4418604
2.4418604
2.4418604
2.4418604
2.4418604
2.4418604
2.4418604
2.4418604
2.4418604
2.4418604
2.4418604
2.4418604
2.4418604
2.4418604
2.4418604
2.4418604
2.4418604
2.4675324
2.5324676
2.5974026
2.6623378
2.7272727
2.7922077
2.857143
2.922078
2.9870129
3.051948
3.1168833
3.181818
3.2467532
3.3116884
3.3766234
3.4415584
3.5064936
3.5714285
3.6363635
3.7012987
3.766234
3.831169
3.8961039
3.961039
4.0259743
4.090909
4.155844
4.2207794
4.285714
4.3506494
4.4155846
4.4805193
4.5454545
4.6103897
4.6753244
4.7402596
4.805195
4.87013
4.921875
4.921875
4.921875
4.921875
4.921875
4.921875
4.921875
4.921875
4.921875
4.921875
4.921875
4.921875
4.921875
4.921875
4.921875
4.921875
4.921875
4.921875
4.921875
4.921875
4.921875
4.921875
4.921875
4.921875
1.2987013
1.4285715
1.5584416
1.6883117
1.8181818
1.9480519
2.077922
2.2077923
2.3376625
2.4675324
2.5581396
2.5581396
2.5581396
2.5581396
2.5581396
2.5581396
2.5581396
2.5581396
2.5581396
2.5581396
2.5581396
2.5581396
2.5581396
2.5581396
2.5581396
2.5581396
2.5581396
2.5581396
2.5581396
2.5581396
2.5974026
2.6623378
2.7272727
2.7922077
2.857143
2.922078
2.987013
3.051948
3.116883
3.181818
3.2467532
3.3116884
3.3766234
3.4415584
3.5064936
3.5714285
3.6363635
3.7012987
3.766234
3.831169
3.8961039
3.961039
4.0259743
4.090909
4.155844
4.2207794
4.285714
4.3506494
4.4155846
4.4805193
4.5454545
4.6103897
4.6753244
4.7402596
4.805195
4.87013
4.935065
5.0
5.064935
5.12987
5.15625
5.15625
5.15625
5.15625
5.15625
5.15625
5.15625
5.15625
5.15625
5.15625
5.15625
5.15625
5.15625
5.15625
5.15625
5.15625
5.15625
5.15625
5.15625
5.15625
1.3320463
1.4285715
1.5584416
1.6883117
1.8181819
1.9480519
2.077922
2.2077923
2.3376625
2.4675324
2.5974026
2.6744187
2.6744187
2.6744187
2.6744187
2.6744187
2.6744187
2.6744187
2.6744187
2.6744187
2.6744187
2.6744187
2.6744187
2.6744187
2.6744187
2.6744187
2.6744187
2.6744187
2.6744187
2.6744187
2.6744187
2.6744187
2.7272727
2.7922077
2.857143
2.922078
2.987013
3.051948
3.116883
3.1818182
3.2467532
3.3116884
3.3766234
3.4415584
3.5064936
3.5714285
3.6363635
3.7012987
3.766234
3.831169
3.8961039
3.961039
4.0259743
4.090909
4.155844
4.2207794
4.285714
4.3506494
4.4155846
4.4805193
4.5454545
4.6103897
4.6753244
4.7402596
4.805195
4.87013
4.935065
5.0
5.064935
5.12987
5.194805
5.2597404
5.3246756
5.3896103
5.390625
5.390625
5.390625
5.390625
5.390625
5.390625
5.390625
5.390625
5.390625
5.390625
5.390625
5.390625
5.390625
5.390625
5.390625
5.390625
1.3899614
1.4285715
1.5584416
1.6883117
1.8181819
1.9480519
2.077922
2.2077923
2.3376625
2.4675326
2.5974026
2.7272727
2.7906978
2.7906978
2.7906978
2.7906978
2.7906978
2.7906978
2.7906978
2.7906978
2.7906978
2.7906978
2.7906978
2.7906978
2.7906978
2.7906978
2.7906978
2.7906978
2.7906978
2.7906978
2.7906978
2.7906978
2.7906978
2.7922077
2.857143
2.922078
2.987013
3.051948
3.116883
3.1818182
3.2467532
3.3116884
3.3766234
3.4415584
3.5064936
3.5714285
3.6363635
3.7012987
3.766234
3.831169
3.8961039
3.961039
4.0259743
4.090909
4.155844
4.2207794
4.285714
4.3506494
4.4155846
4.4805193
4.5454545
4.6103897
4.6753244
4.7402596
4.805195
4.87013
4.935065
5.0
5.064935
5.12987
5.194805
5.2597404
5.3246756
5.3896103
5.4545455
5.5194807
5.5844154
5.625
5.625
5.625
5.625
5.625
5.625
5.625
5.625
5.625
5.625
5.625
5.625
5.625
1.4478765
1.4478765
1.5584416
1.6883117
1.8181819
1.9480519
2.077922
2.2077923
2.3376622
2.4675324
2.5974026
2.7272727
2.857143
2.9069767
2.9069767
2.9069767
2.9069767
2.9069767
2.9069767
2.9069767
2.9069767
2.9069767
2.9069767
2.9069767
2.9069767
2.9069767
2.9069767
2.9069767
2.9069767
2.9069767
2.9069767
2.9069767
2.9069767
2.9069767
2.9069767
2.922078
2.987013
3.051948
3.116883
3.1818182
3.2467532
3.3116884
3.3766234
3.4415584
3.5064936
3.5714285
3.6363637
3.7012987
3.7662337
3.831169
3.8961039
3.961039
4.0259743
4.090909
4.155844
4.2207794
4.285714
4.3506494
4.4155846
4.4805193
4.5454545
4.6103897
4.6753244
4.7402596
4.805195
4.87013
4.935065
5.0
5.064935
5.12987
5.194805
5.2597404
5.3246756
5.3896103
5.4545455
5.5194807
5.5844154
5.6493506
5.714286
5.7792206
5.844156
5.859375
5.859375
5.859375
5.859375
5.859375
5.859375
5.859375
5.859375
5.859375
1.5057914
1.5057914
1.5584416
1.6883117
1.8181819
1.948052
2.077922
2.2077923
2.3376625
2.4675326
2.5974026
2.7272727
2.857143
2.987013
3.0232558
3.0232558
3.0232558
3.0232558
3.0232558
3.0232558
3.0232558
3.0232558
3.0232558
3.0232558
3.0232558
3.0232558
3.0232558
3.0232558
3.0232558
3.0232558
3.0232558
3.0232558
3.0232558
3.0232558
3.0232558
3.0232558
3.0232558
3.051948
3.116883
3.1818182
3.2467532
3.3116884
3.3766234
3.4415584
3.5064936
3.5714285
3.6363637
3.7012987
3.7662337
3.831169
3.8961039
3.961039
4.0259743
4.090909
4.155844
4.2207794
4.285714
4.3506494
4.4155846
4.4805193
4.5454545
4.6103897
4.6753244
4.7402596
4.805195
4.8701296
4.935065
5.0
5.064935
5.12987
5.194805
5.2597404
5.3246756
5.3896103
5.4545455
5.5194807
5.5844154
5.6493506
5.714286
5.7792206
5.844156
5.909091
5.974026
6.038961
6.09375
6.09375
6.09375
6.09375
6.09375
6.09375
1.5637066
1.5637066
1.5637066
1.6883117
1.8181819
1.948052
2.077922
2.2077923
2.3376625
2.4675326
2.5974026
2.7272727
2.857143
2.987013
3.1168833
3.139535
3.139535
3.139535
3.139535
3.139535
3.139535
3.139535
3.139535
3.139535
3.139535
3.139535
3.139535
3.139535
3.139535
3.139535
3.139535
3.139535
3.139535
3.139535
3.139535
3.139535
3.139535
3.139535
3.139535
3.1818182
3.2467532
3.3116884
3.3766234
3.4415584
3.5064936
3.5714285
3.6363637
3.7012987
3.7662337
3.831169
3.8961039
3.961039
4.0259743
4.090909
4.155844
4.2207794
4.285714
4.3506494
4.4155846
4.4805193
4.5454545
4.6103897
4.6753244
4.7402596
4.805195
4.8701296
4.935065
5.0
5.064935
5.1298704
5.194805
5.2597404
5.3246756
5.3896103
5.4545455
5.5194807
5.5844154
5.6493506
5.714286
5.7792206
5.844156
5.909091
5.9740257
6.038961
6.103896
6.1688313
6.233766
6.2987013
6.328125
6.328125
1.6216216
1.6216216
1.6216216
1.6883118
1.8181819
1.948052
2.077922
2.2077923
2.3376625
2.4675326
2.5974026
2.7272727
2.857143
2.987013
3.1168833
3.2467532
3.255814
3.255814
3.255814
3.255814
3.255814
3.255814
3.255814
3.255814
3.255814
3.255814
3.255814
3.255814
3.255814
3.255814
3.255814
3.255814
3.255814
3.255814
3.255814
3.255814
3.255814
3.255814
3.255814
3.255814
3.255814
3.3116884
3.3766234
3.4415584
3.5064936
3.5714285
3.6363637
3.7012987
3.7662337
3.831169
3.8961039
3.961039
4.0259743
4.090909
4.155844
4.2207794
4.285714
4.3506494
4.4155846
4.4805193
4.5454545
4.6103897
4.6753244
4.7402596
4.805195
4.8701296
4.935065
5.0
5.064935
5.1298704
5.194805
5.2597404
5.3246756
5.3896103
5.4545455
5.5194807
5.5844154
5.6493506
5.714286
5.7792206
5.844156
5.909091
5.9740257
6.038961
6.103896
6.1688313
6.233766
6.2987013
6.3636365
6.428571
1.6795367
1.6795367
1.6795367
1.6883116
1.8181818
1.9480518
2.0779219
2.2077923
2.3376622
2.4675324
2.5974026
2.7272725
2.8571427
2.9870129
3.116883
3.2467532
3.3720932
3.3720932
3.3720932
3.3720932
3.3720932
3.3720932
3.3720932
3.3720932
3.3720932
3.3720932
3.3720932
3.3720932
3.3720932
3.3720932
3.3720932
3.3720932
3.3720932
3.3720932
3.3720932
3.3720932
3.3720932
3.3720932
3.3720932
3.3720932
3.3720932
3.3720932
3.3766234
3.4415584
3.5064936
3.5714285
3.6363637
3.7012987
3.7662337
3.831169
3.8961039
3.961039
4.0259743
4.090909
4.155844
4.2207794
4.285714
4.3506494
4.4155846
4.4805193
4.5454545
4.6103897
4.6753244
4.7402596
4.805195
4.8701296
4.935065
5.0
5.064935
5.1298704
5.194805
5.2597404
5.3246756
5.3896103
5.4545455
5.5194807
5.5844154
5.6493506
5.714286
5.7792206
5.844156
5.909091
5.9740257
6.038961
6.103896
6.1688313
6.233766
6.2987013
6.3636365
6.428571
1.7374517
1.7374517
1.7374517
1.7374517
1.8181816
1.9480518
2.0779219
2.207792
2.3376622
2.4675322
2.5974026
2.7272725
2.8571427
2.9870129
3.116883
3.246753
3.3766232
3.4883718
3.4883718
3.4883718
3.4883718
3.4883718
3.4883718
3.4883718
3.4883718
3.4883718
3.4883718
3.4883718
3.4883718
3.4883718
3.4883718
3.4883718
3.4883718
3.4883718
3.4883718
3.4883718
3.4883718
3.4883718
3.4883718
3.4883718
3.4883718
3.4883718
3.4883718
3.4883718
3.5064936
3.5714285
3.6363637
3.7012987
3.7662337
3.831169
3.8961039
3.961039
4.0259743
4.090909
4.155844
4.2207794
4.285714
4.3506494
4.4155846
4.4805193
4.5454545
4.6103897
4.6753244
4.7402596
4.805195
4.8701296
4.9350653
5.0
5.064935
5.1298704
5.194805
5.2597404
5.3246756
5.3896103
5.4545455
5.5194807
5.5844154
5.6493506
5.714286
5.7792206
5.844156
5.909091
5.9740257
6.038961
6.103896
6.1688313
6.233766
6.2987013
6.3636365
6.428571
1.7953668
1.7953668
1.7953668
1.7953668
1.8181816
1.9480518
2.0779219
2.207792
2.3376622
2.4675322
2.5974026
2.7272725
2.8571427
2.9870129
3.116883
3.2467532
3.3766232
3.5064933
3.604651
3.604651
3.604651
3.604651
3.604651
3.604651
3.604651
3.604651
3.604651
3.604651
3.604651
3.604651
3.604651
3.604651
3.604651
3.604651
3.604651
3.604651
3.604651
3.604651
3.604651
3.604651
3.604651
3.604651
3.604651
3.604651
3.604651
3.604651
3.6363637
3.7012987
3.7662337
3.831169
3.8961039
3.961039
4.0259743
4.090909
4.155844
4.2207794
4.285714
4.3506494
4.4155846
4.4805193
4.5454545
4.6103897
4.6753244
4.7402596
4.805195
4.8701296
4.9350653
5.0
5.0649347
5.1298704
5.194805
5.2597404
5.3246756
5.3896103
5.4545455
5.5194807
5.5844154
5.6493506
5.714286
5.7792206
5.844156
5.909091
5.9740257
6.038961
6.103896
6.168831
6.233766
6.2987013
6.3636365
6.428571
1.8532817
1.8532817
1.8532817
1.8532817
1.8532817
1.9480518
2.0779219
2.207792
2.3376622
2.4675324
2.5974026
2.7272725
2.8571427
2.9870129
3.116883
3.2467532
3.3766232
3.5064933
3.6363635
3.72093
3.72093
3.72093
3.72093
3.72093
3.72093
3.72093
3.72093
3.72093
3.72093
3.72093
3.72093
3.72093
3.72093
3.72093
3.72093
3.72093
3.72093
3.72093
3.72093
3.72093
3.72093
3.72093
3.72093
3.72093
3.72093
3.72093
3.72093
3.72093
3.7662337
3.831169
3.8961039
3.961039
4.0259743
4.090909
4.155844
4.2207794
4.285714
4.3506494
4.4155846
4.4805193
4.5454545
4.6103897
4.6753244
4.7402596
4.805195
4.8701296
4.9350653
5.0
5.0649347
5.1298704
5.194805
5.2597404
5.3246756
5.3896103
5.4545455
5.5194807
5.5844154
5.6493506
5.714286
5.7792206
5.844156
5.909091
5.9740257
6.038961
6.103896
6.168831
6.233766
6.2987013
6.3636365
6.4285717
1.911197
1.911197
1.911197
1.911197
1.911197
1.9480518
2.0779219
2.207792
2.3376622
2.4675324
2.5974026
2.7272725
2.8571427
2.9870129
3.116883
3.2467532
3.3766232
3.5064933
3.6363635
3.7662337
3.8372092
3.8372092
3.8372092
3.8372092
3.8372092
3.8372092
3.8372092
3.8372092
3.8372092
3.8372092
3.8372092
3.8372092
3.8372092
3.8372092
3.8372092
3.8372092
3.8372092
3.8372092
3.8372092
3.8372092
3.8372092
3.8372092
3.8372092
3.8372092
3.8372092
3.8372092
3.8372092
3.8372092
3.8372092
3.8372092
3.8961039
3.961039
4.0259743
4.090909
4.155844
4.2207794
4.285714
4.3506494
4.4155846
4.4805193
4.5454545
4.6103897
4.6753244
4.7402596
4.805195
4.8701296
4.9350653
5.0
5.0649347
5.1298704
5.194805
5.2597404
5.3246756
5.3896103
5.4545455
5.5194807
5.5844154
5.6493506
5.714286
5.7792206
5.844156
5.909091
5.9740257
6.038961
6.103896
6.168831
6.233766
6.2987013
6.3636365
6.4285717
1.9691119
1.9691119
1.9691119
1.9691119
1.9691119
1.9691119
2.0779219
2.2077923
2.3376622
2.4675324
2.5974026
2.7272725
2.857143
2.9870129
3.116883
3.2467532
3.3766232
3.5064933
3.6363635
3.7662337
3.8961039
3.9534883
3.9534883
3.9534883
3.9534883
3.9534883
3.9534883
3.9534883
3.9534883
3.9534883
3.9534883
3.9534883
3.9534883
3.9534883
3.9534883
3.9534883
3.9534883
3.9534883
3.9534883
3.9534883
3.9534883
3.9534883
3.9534883
3.9534883
3.9534883
3.9534883
3.9534883
3.9534883
3.9534883
3.9534883
3.9534883
3.961039
4.0259743
4.090909
4.155844
4.2207794
4.285714
4.3506494
4.4155846
4.4805193
4.5454545
4.6103897
4.6753244
4.7402596
4.805195
4.8701296
4.9350653
5.0
5.0649347
5.1298704
5.194805
5.2597404
5.3246756
5.3896103
5.4545455
5.5194807
5.5844154
5.6493506
5.714286
5.7792206
5.844156
5.909091
5.9740257
6.038961
6.103896
6.168831
6.233766
6.2987013
6.3636365
6.4285717
2.0270271
2.0270271
2.0270271
2.0270271
2.0270271
2.0270271
2.0779219
2.2077923
2.3376622
2.4675324
2.5974026
2.7272725
2.857143
2.9870129
3.116883
3.2467532
3.3766234
3.5064936
3.6363635
3.7662337
3.8961039
4.025974
4.0697675
4.0697675
4.0697675
4.0697675
4.0697675
4.0697675
4.0697675
4.0697675
4.0697675
4.0697675
4.0697675
4.0697675
4.0697675
4.0697675
4.0697675
4.0697675
4.0697675
4.0697675
4.0697675
4.0697675
4.0697675
4.0697675
4.0697675
4.0697675
4.0697675
4.0697675
4.0697675
4.0697675
4.0697675
4.0697675
4.0697675
4.090909
4.155844
4.2207794
4.285714
4.3506494
4.4155846
4.4805193
4.5454545
4.6103897
4.6753244
4.7402596
4.805195
4.8701296
4.9350653
5.0
5.0649347
5.1298704
5.194805
5.2597404
5.3246756
5.3896103
5.4545455
5.5194807
5.5844154
5.6493506
5.714286
5.7792206
5.844156
5.909091
5.9740257
6.038961
6.103896
6.168831
6.233766
6.2987013
6.3636365
6.4285717
2.084942
2.084942
2.084942
2.084942
2.084942
2.084942
2.084942
2.2077923
2.3376622
2.4675324
2.5974026
2.7272725
2.857143
2.9870129
3.116883
3.2467532
3.3766234
3.5064936
3.6363635
3.7662337
3.8961039
4.025974
4.155844
4.1860466
4.1860466
4.1860466
4.1860466
4.1860466
4.1860466
4.1860466
4.1860466
4.1860466
4.1860466
4.1860466
4.1860466
4.1860466
4.1860466
4.1860466
4.1860466
4.1860466
4.1860466
4.1860466
4.1860466
4.1860466
4.1860466
4.1860466
4.1860466
4.1860466
4.1860466
4.1860466
4.1860466
4.1860466
4.1860466
4.1860466
4.1860466
4.2207794
4.285714
4.3506494
4.4155846
4.4805193
4.5454545
4.6103897
4.6753244
4.7402596
4.805195
4.8701296
4.9350653
5.0
5.0649347
5.1298704
5.194805
5.2597404
5.3246756
5.3896103
5.4545455
5.5194807
5.5844154
5.6493506
5.714286
5.7792206
5.844156
5.909091
5.9740257
6.038961
6.103896
6.168831
6.2337666
6.2987013
6.363636
6.4285717
2.142857
2.142857
2.142857
2.142857
2.142857
2.142857
2.142857
2.207792
2.3376622
2.4675324
2.5974026
2.7272725
2.8571427
2.9870129
3.116883
3.2467532
3.3766232
3.5064933
3.6363635
3.7662337
3.8961039
4.025974
4.155844
4.285714
4.3023252
4.3023252
4.3023252
4.3023252
4.3023252
4.3023252
4.3023252
4.3023252
4.3023252
4.3023252
4.3023252
4.3023252
4.3023252
4.3023252
4.3023252
4.3023252
4.3023252
4.3023252
4.3023252
4.3023252
4.3023252
4.3023252
4.3023252
4.3023252
4.3023252
4.3023252
4.3023252
4.3023252
4.3023252
4.3023252
4.3023252
4.3023252
4.3023252
4.3506494
4.4155846
4.4805193
4.5454545
4.6103897
4.6753244
4.7402596
4.805195
4.8701296
4.9350653
5.0
5.0649347
5.1298704
5.194805
5.2597404
5.3246756
5.3896103
5.4545455
5.5194807
5.5844154
5.6493506
5.714286
5.7792206
5.844156
5.909091
5.9740257
6.038961
6.103896
6.168831
6.2337666
6.2987013
6.363636
6.4285717
2.2007723
2.2007723
2.2007723
2.2007723
2.2007723
2.2007723
2.2007723
2.2077923
2.3376622
2.4675324
2.5974026
2.7272727
2.857143
2.9870129
3.1168833
3.2467532
3.3766234
3.5064936
3.6363635
3.7662337
3.8961039
4.025974
4.155844
4.285714
4.4155846
4.418605
4.418605
4.418605
4.418605
4.418605
4.418605
4.418605
4.418605
4.418605
4.418605
4.418605
4.418605
4.418605
4.418605
4.418605
4.418605
4.418605
4.418605
4.418605
4.418605
4.418605
4.418605
4.418605
4.418605
4.418605
4.418605
4.418605
4.418605
4.418605
4.418605
4.418605
4.418605
4.418605
4.418605
4.4805193
4.5454545
4.6103897
4.6753244
4.7402596
4.805195
4.87013
4.9350653
5.0
5.0649347
5.1298704
5.194805
5.2597404
5.3246756
5.3896103
5.4545455
5.5194807
5.5844154
5.6493506
5.714286
5.7792206
5.844156
5.909091
5.9740257
6.038961
6.103896
6.168831
6.2337666
6.2987013
6.363636
6.4285717
2.2586873
2.2586873
2.2586873
2.2586873
2.2586873
2.2586873
2.2586873
2.2586873
2.3376622
2.4675324
2.5974026
2.7272725
2.857143
2.9870129
3.116883
3.2467532
3.3766232
3.5064936
3.6363635
3.7662337
3.8961039
4.025974
4.155844
4.285714
4.4155846
4.5348835
4.5348835
4.5348835
4.5348835
4.5348835
4.5348835
4.5348835
4.5348835
4.5348835
4.5348835
4.5348835
4.5348835
4.5348835
4.5348835
4.5348835
4.5348835
4.5348835
4.5348835
4.5348835
4.5348835
4.5348835
4.5348835
4.5348835
4.5348835
4.5348835
4.5348835
4.5348835
4.5348835
4.5348835
4.5348835
4.5348835
4.5348835
4.5348835
4.5348835
4.5348835
4.5454545
4.6103897
4.6753244
4.7402596
4.805195
4.87013
4.935065
5.0
5.064935
5.12987
5.194805
5.2597404
5.3246756
5.3896103
5.4545455
5.5194807
5.5844154
5.6493506
5.714286
5.7792206
5.844156
5.909091
5.9740257
6.038961
6.103896
6.168831
6.2337666
6.2987013
6.363636
6.4285717
2.3166022
2.3166022
2.3166022
2.3166022
2.3166022
2.3166022
2.3166022
2.3166022
2.3376625
2.4675324
2.5974026
2.7272727
2.857143
2.9870129
3.1168833
3.2467532
3.3766234
3.5064936
3.6363635
3.766234
3.8961039
4.0259743
4.155844
4.285714
4.4155846
4.5454545
4.651163
4.651163
4.651163
4.651163
4.651163
4.651163
4.651163
4.651163
4.651163
4.651163
4.651163
4.651163
4.651163
4.651163
4.651163
4.651163
4.651163
4.651163
4.651163
4.651163
4.651163
4.651163
4.651163
4.651163
4.651163
4.651163
4.651163
4.651163
4.651163
4.651163
4.651163
4.651163
4.651163
4.651163
4.651163
4.651163
4.6753244
4.7402596
4.805195
4.87013
4.935065
5.0
5.064935
5.12987
5.194805
5.2597404
5.3246756
5.3896103
5.4545455
5.5194807
5.5844154
5.6493506
5.714286
5.7792206
5.844156
5.909091
5.9740257
6.038961
6.103896
6.168831
6.2337666
6.2987013
6.363636
6.4285717
2.3745174
2.3745174
2.3745174
2.3745174
2.3745174
2.3745174
2.3745174
2.3745174
2.3745174
2.4675324
2.5974026
2.7272727
2.857143
2.9870129
3.116883
3.2467532
3.3766234
3.5064936
3.6363635
3.7662337
3.8961039
4.025974
4.155844
4.285714
4.4155846
4.5454545
4.6753244
4.7674417
4.7674417
4.7674417
4.7674417
4.7674417
4.7674417
4.7674417
4.7674417
4.7674417
4.7674417
4.7674417
4.7674417
4.7674417
4.7674417
4.7674417
4.7674417
4.7674417
4.7674417
4.7674417
4.7674417
4.7674417
4.7674417
4.7674417
4.7674417
4.7674417
4.7674417
4.7674417
4.7674417
4.7674417
4.7674417
4.7674417
4.7674417
4.7674417
4.7674417
4.7674417
4.7674417
4.7674417
4.805195
4.87013
4.935065
5.0
5.064935
5.12987
5.194805
5.2597404
5.3246756
5.3896103
5.4545455
5.5194807
5.5844154
5.6493506
5.714286
5.7792206
5.844156
5.909091
5.9740257
6.038961
6.103896
6.168831
6.2337666
6.2987013
6.363636
6.4285717
2.4324324
2.4324324
2.4324324
2.4324324
2.4324324
2.4324324
2.4324324
2.4324324
2.4324324
2.4675324
2.5974026
2.7272727
2.857143
2.9870129
3.116883
3.2467532
3.3766234
3.5064936
3.6363635
3.766234
3.8961039
4.0259743
4.155844
4.285714
4.4155846
4.5454545
4.6753244
4.805195
4.883721
4.883721
4.883721
4.883721
4.883721
4.883721
4.883721
4.883721
4.883721
4.883721
4.883721
4.883721
4.883721
4.883721
4.883721
4.883721
4.883721
4.883721
4.883721
4.883721
4.883721
4.883721
4.883721
4.883721
4.883721
4.883721
4.883721
4.883721
4.883721
4.883721
4.883721
4.883721
4.883721
4.883721
4.883721
4.883721
4.883721
4.883721
4.935065
5.0
5.064935
5.12987
5.194805
5.2597404
5.3246756
5.3896103
5.4545455
5.5194807
5.5844154
5.6493506
5.714286
5.7792206
5.844156
5.909091
5.9740257
6.038961
6.103896
6.168831
6.2337666
6.2987013
6.363636
6.4285717
2.4903476
2.4903476
2.4903476
2.4903476
2.4903476
2.4903476
2.4903476
2.4903476
2.4903476
2.4903476
2.5974026
2.7272727
2.857143
2.987013
3.1168833
3.2467532
3.3766234
3.5064936
3.6363635
3.766234
3.8961039
4.0259743
4.155844
4.285714
4.4155846
4.5454545
4.6753244
4.805195
4.935065
5.0
5.0
5.0
5.0
5.0
5.0
5.0
5.0
5.0
5.0
5.0
5.0
5.0
5.0
5.0
5.0
5.0
5.0
5.0
5.0
5.0
5.0
5.0
5.0
5.0
5.0
5.0
5.0
5.0
5.0
5.0
5.0
5.0
5.0
5.0
5.0
5.0
5.0
5.0
5.064935
5.12987
5.194805
5.2597404
5.3246756
5.3896103
5.4545455
5.5194807
5.5844154
5.6493506
5.714286
5.7792206
5.844156
5.909091
5.974026
6.038961
6.103896
6.168831
6.2337666
6.2987013
6.363636
6.4285717
2.5482626
2.5482626
2.5482626
2.5482626
2.5482626
2.5482626
2.5482626
2.5482626
2.5482626
2.5482626
2.5974026
2.7272727
2.857143
2.987013
3.1168833
3.2467532
3.3766234
3.5064936
3.6363635
3.766234
3.8961039
4.0259743
4.155844
4.285714
4.4155846
4.5454545
4.675325
4.805195
4.935065
5.064935
5.116279
5.116279
5.116279
5.116279
5.116279
5.116279
5.116279
5.116279
5.116279
5.116279
5.116279
5.116279
5.116279
5.116279
5.116279
5.116279
5.116279
5.116279
5.116279
5.116279
5.116279
5.116279
5.116279
5.116279
5.116279
5.116279
5.116279
5.116279
5.116279
5.116279
5.116279
5.116279
5.116279
5.116279
5.116279
5.116279
5.116279
5.116279
5.116279
5.12987
5.194805
5.2597404
5.3246756
5.3896103
5.4545455
5.5194807
5.5844154
5.6493506
5.714286
5.7792206
5.844156
5.909091
5.974026
6.038961
6.103896
6.1688313
6.233766
6.2987013
6.363636
6.4285717
2.5641024
2.6061778
2.6061778
2.6061778
2.6061778
2.6061778
2.6061778
2.6061778
2.6061778
2.6061778
2.6061778
2.7272727
2.857143
2.987013
3.116883
3.2467532
3.3766234
3.5064936
3.6363635
3.766234
3.8961039
4.0259743
4.155844
4.285714
4.4155846
4.5454545
4.675325
4.805195
4.935065
5.064935
5.194805
5.2325583
5.2325583
5.2325583
5.2325583
5.2325583
5.2325583
5.2325583
5.2325583
5.2325583
5.2325583
5.2325583
5.2325583
5.2325583
5.2325583
5.2325583
5.2325583
5.2325583
5.2325583
5.2325583
5.2325583
5.2325583
5.2325583
5.2325583
5.2325583
5.2325583
5.2325583
5.2325583
5.2325583
5.2325583
5.2325583
5.2325583
5.2325583
5.2325583
5.2325583
5.2325583
5.2325583
5.2325583
5.2325583
5.2325583
5.2325583
5.2597404
5.3246756
5.3896103
5.4545455
5.5194807
5.5844154
5.6493506
5.714286
5.7792206
5.844156
5.909091
5.974026
6.038961
6.103896
6.1688313
6.233766
6.2987013
6.3636365
6.428571
2.5641024
2.6640925
2.6640925
2.6640925
2.6640925
2.6640925
2.6640925
2.6640925
2.6640925
2.6640925
2.6640925
2.7272727
2.857143
2.987013
3.1168833
3.2467532
3.3766234
3.5064936
3.6363637
3.766234
3.8961039
4.0259743
4.155844
4.285714
4.4155846
4.5454545
4.675325
4.805195
4.935065
5.064935
5.194805
5.3246756
5.3488374
5.3488374
5.3488374
5.3488374
5.3488374
5.3488374
5.3488374
5.3488374
5.3488374
5.3488374
5.3488374
5.3488374
5.3488374
5.3488374
5.3488374
5.3488374
5.3488374
5.3488374
5.3488374
5.3488374
5.3488374
5.3488374
5.3488374
5.3488374
5.3488374
5.3488374
5.3488374
5.3488374
5.3488374
5.3488374
5.3488374
5.3488374
5.3488374
5.3488374
5.3488374
5.3488374
5.3488374
5.3488374
5.3488374
5.3488374
5.3488374
5.3896103
5.4545455
5.5194807
5.5844154
5.6493506
5.714286
5.7792206
5.844156
5.909091
5.974026
6.038961
6.103896
6.1688313
6.233766
6.2987013
6.3636365
6.428571
2.5641026
2.7220078
2.7220078
2.7220078
2.7220078
2.7220078
2.7220078
2.7220078
2.7220078
2.7220078
2.7220078
2.7272727
2.857143
2.987013
3.1168833
3.2467532
3.3766234
3.5064936
3.6363637
3.766234
3.8961039
4.0259743
4.155844
4.285714
4.4155846
4.5454545
4.675325
4.805195
4.9350653
5.064935
5.194805
5.3246756
5.4545455
5.4651165
5.4651165
5.4651165
5.4651165
5.4651165
5.4651165
5.4651165
5.4651165
5.4651165
5.4651165
5.4651165
5.4651165
5.4651165
5.4651165
5.4651165
5.4651165
5.4651165
5.4651165
5.4651165
5.4651165
5.4651165
5.4651165
5.4651165
5.4651165
5.4651165
5.4651165
5.4651165
5.4651165
5.4651165
5.4651165
5.4651165
5.4651165
5.4651165
5.4651165
5.4651165
5.4651165
5.4651165
5.4651165
5.4651165
5.4651165
5.4651165
5.4651165
5.5194807
5.5844154
5.6493506
5.714286
5.7792206
5.844156
5.909091
5.974026
6.038961
6.103896
6.1688313
6.233766
6.2987013
6.3636365
6.428571
2.5641026
2.7799227
2.7799227
2.7799227
2.7799227
2.7799227
2.7799227
2.7799227
2.7799227
2.7799227
2.7799227
2.7799227
2.857143
2.987013
3.1168833
3.2467535
3.3766234
3.5064936
3.6363637
3.766234
3.8961039
4.0259743
4.155844
4.285714
4.4155846
4.5454545
4.675325
4.805195
4.9350653
5.064935
5.194805
5.3246756
5.4545455
5.5813956
5.5813956
5.5813956
5.5813956
5.5813956
5.5813956
5.5813956
5.5813956
5.5813956
5.5813956
5.5813956
5.5813956
5.5813956
5.5813956
5.5813956
5.5813956
5.5813956
5.5813956
5.5813956
5.5813956
5.5813956
5.5813956
5.5813956
5.5813956
5.5813956
5.5813956
5.5813956
5.5813956
5.5813956
5.5813956
5.5813956
5.5813956
5.5813956
5.5813956
5.5813956
5.5813956
5.5813956
5.5813956
5.5813956
5.5813956
5.5813956
5.5813956
5.5813956
5.5844154
5.6493506
5.714286
5.7792206
5.844156
5.909091
5.974026
6.038961
6.103896
6.1688313
6.233766
6.2987013
6.3636365
6.428571
2.5641026
2.820513
2.8378377
2.8378377
2.8378377
2.8378377
2.8378377
2.8378377
2.8378377
2.8378377
2.8378377
2.8378377
2.857143
2.987013
3.116883
3.2467532
3.3766234
3.5064936
3.6363637
3.766234
3.8961039
4.0259743
4.155844
4.285714
4.4155846
4.5454545
4.6753244
4.805195
4.935065
5.064935
5.194805
5.3246756
5.4545455
5.5844154
5.6976743
5.6976743
5.6976743
5.6976743
5.6976743
5.6976743
5.6976743
5.6976743
5.6976743
5.6976743
5.6976743
5.6976743
5.6976743
5.6976743
5.6976743
5.6976743
5.6976743
5.6976743
5.6976743
5.6976743
5.6976743
5.6976743
5.6976743
5.6976743
5.6976743
5.6976743
5.6976743
5.6976743
5.6976743
5.6976743
5.6976743
5.6976743
5.6976743
5.6976743
5.6976743
5.6976743
5.6976743
5.6976743
5.6976743
5.6976743
5.6976743
5.6976743
5.6976743
5.6976743
5.714286
5.7792206
5.844156
5.909091
5.974026
6.038961
6.103896
6.1688313
6.233766
6.2987013
6.3636365
6.428571
2.5641026
2.8205128
2.895753
2.895753
2.895753
2.895753
2.895753
2.895753
2.895753
2.895753
2.895753
2.895753
2.895753
2.987013
3.1168833
3.2467532
3.3766234
3.5064936
3.6363637
3.766234
3.8961039
4.0259743
4.155844
4.285714
4.4155846
4.5454545
4.6753244
4.805195
4.935065
5.064935
5.194805
5.3246756
5.4545455
5.5844154
5.714286
5.8139534
5.8139534
5.8139534
5.8139534
5.8139534
5.8139534
5.8139534
5.8139534
5.8139534
5.8139534
5.8139534
5.8139534
5.8139534
5.8139534
5.8139534
5.8139534
5.8139534
5.8139534
5.8139534
5.8139534
5.8139534
5.8139534
5.8139534
5.8139534
5.8139534
5.8139534
5.8139534
5.8139534
5.8139534
5.8139534
5.8139534
5.8139534
5.8139534
5.8139534
5.8139534
5.8139534
5.8139534
5.8139534
5.8139534
5.8139534
5.8139534
5.8139534
5.8139534
5.8139534
5.8139534
5.844156
5.909091
5.974026
6.038961
6.103896
6.1688313
6.233766
6.2987013
6.3636365
6.428571
2.5641026
2.8205128
2.9536679
2.9536679
2.9536679
2.9536679
2.9536679
2.9536679
2.9536679
2.9536679
2.9536679
2.9536679
2.9536679
2.987013
3.1168833
3.2467532
3.3766234
3.5064936
3.6363637
3.766234
3.8961039
4.0259743
4.155844
4.285714
4.4155846
4.5454545
4.675325
4.805195
4.9350653
5.064935
5.194805
5.3246756
5.4545455
5.5844154
5.714286
5.844156
5.9302325
5.9302325
5.9302325
5.9302325
5.9302325
5.9302325
5.9302325
5.9302325
5.9302325
5.9302325
5.9302325
5.9302325
5.9302325
5.9302325
5.9302325
5.9302325
5.9302325
5.9302325
5.9302325
5.9302325
5.9302325
5.9302325
5.9302325
5.9302325
5.9302325
5.9302325
5.9302325
5.9302325
5.9302325
5.9302325
5.9302325
5.9302325
5.9302325
5.9302325
5.9302325
5.9302325
5.9302325
5.9302325
5.9302325
5.9302325
5.9302325
5.9302325
5.9302325
5.9302325
5.9302325
5.9302325
5.974026
6.038961
6.103896
6.1688313
6.233766
6.2987013
6.3636365
6.428571
2.5641026
2.8205128
3.0115829
3.0115829
3.0115829
3.0115829
3.0115829
3.0115829
3.0115829
3.0115829
3.0115829
3.0115829
3.0115829
3.0115829
3.1168833
3.2467532
3.3766234
3.5064936
3.6363637
3.766234
3.896104
4.0259743
4.155844
4.285714
4.4155846
4.5454545
4.675325
4.805195
4.9350653
5.064935
5.194805
5.3246756
5.4545455
5.5844154
5.714286
5.844156
5.974026
6.0465117
6.0465117
6.0465117
6.0465117
6.0465117
6.0465117
6.0465117
6.0465117
6.0465117
6.0465117
6.0465117
6.0465117
6.0465117
6.0465117
6.0465117
6.0465117
6.0465117
6.0465117
6.0465117
6.0465117
6.0465117
6.0465117
6.0465117
6.0465117
6.0465117
6.0465117
6.0465117
6.0465117
6.0465117
6.0465117
6.0465117
6.0465117
6.0465117
6.0465117
6.0465117
6.0465117
6.0465117
6.0465117
6.0465117
6.0465117
6.0465117
6.0465117
6.0465117
6.0465117
6.0465117
6.0465117
6.0465117
6.103896
6.1688313
6.233766
6.2987013
6.3636365
6.428571
2.5641026
2.8205128
3.069498
3.069498
3.069498
3.069498
3.069498
3.069498
3.069498
3.069498
3.069498
3.069498
3.069498
3.069498
3.1168833
3.2467535
3.3766234
3.5064936
3.6363637
3.766234
3.896104
4.0259743
4.155844
4.285714
4.4155846
4.5454545
4.675325
4.805195
4.9350653
5.064935
5.194805
5.3246756
5.4545455
5.5844154
5.714286
5.844156
5.974026
6.103896
6.162791
6.162791
6.162791
6.162791
6.162791
6.162791
6.162791
6.162791
6.162791
6.162791
6.162791
6.162791
6.162791
6.162791
6.162791
6.162791
6.162791
6.162791
6.162791
6.162791
6.162791
6.162791
6.162791
6.162791
6.162791
6.162791
6.162791
6.162791
6.162791
6.162791
6.162791
6.162791
6.162791
6.162791
6.162791
6.162791
6.162791
6.162791
6.162791
6.162791
6.162791
6.162791
6.162791
6.162791
6.162791
6.162791
6.162791
6.1688313
6.233766
6.2987013
6.3636365
6.428571
2.5641026
2.8205128
3.0769231
3.1274133
3.1274133
3.1274133
3.1274133
3.1274133
3.1274133
3.1274133
3.1274133
3.1274133
3.1274133
3.1274133
3.1274133
3.2467535
3.3766234
3.5064936
3.6363637
3.766234
3.896104
4.0259743
4.155844
4.285714
4.4155846
4.5454545
4.675325
4.805195
4.9350653
5.064935
5.194805
5.3246756
5.4545455
5.584416
5.714286
5.844156
5.974026
6.103896
6.2337666
6.27907
6.27907
6.27907
6.27907
6.27907
6.27907
6.27907
6.27907
6.27907
6.27907
6.27907
6.27907
6.27907
6.27907
6.27907
6.27907
6.27907
6.27907
6.27907
6.27907
6.27907
6.27907
6.27907
6.27907
6.27907
6.27907
6.27907
6.27907
6.27907
6.27907
6.27907
6.27907
6.27907
6.27907
6.27907
6.27907
6.27907
6.27907
6.27907
6.27907
6.27907
6.27907
6.27907
6.27907
6.27907
6.27907
6.27907
6.27907
6.2987013
6.3636365
6.428571
2.5641026
2.8205128
3.0769231
3.185328
3.185328
3.185328
3.185328
3.185328
3.185328
3.185328
3.185328
3.185328
3.185328
3.185328
3.185328
3.2467535
3.3766236
3.5064936
3.6363637
3.766234
3.896104
4.0259743
4.155844
4.285714
4.4155846
4.545455
4.675325
4.805195
4.9350653
5.064935
5.194805
5.3246756
5.4545455
5.584416
5.714286
5.844156
5.974026
6.103896
6.2337666
6.3636365
6.395349
6.395349
6.395349
6.395349
6.395349
6.395349
6.395349
6.395349
6.395349
6.395349
6.395349
6.395349
6.395349
6.395349
6.395349
6.395349
6.395349
6.395349
6.395349
6.395349
6.395349
6.395349
6.395349
6.395349
6.395349
6.395349
6.395349
6.395349
6.395349
6.395349
6.395349
6.395349
6.395349
6.395349
6.395349
6.395349
6.395349
6.395349
6.395349
6.395349
6.395349
6.395349
6.395349
6.395349
6.395349
6.395349
6.395349
6.395349
6.395349
6.428571
2.5641024
2.8205128
3.076923
3.2432432
3.2432432
3.2432432
3.2432432
3.2432432
3.2432432
3.2432432
3.2432432
3.2432432
3.2432432
3.2432432
3.2432432
3.2467535
3.3766236
3.5064936
3.6363637
3.766234
3.896104
4.0259743
4.155844
4.285714
4.4155846
4.545455
4.675325
4.805195
4.9350653
5.064935
5.194805
5.3246756
5.4545455
5.584416
5.714286
5.8441563
5.974026
6.103896
6.2337666
6.3636365
6.4935064
6.511628
6.511628
6.511628
6.511628
6.511628
6.511628
6.511628
6.511628
6.511628
6.511628
6.511628
6.511628
6.511628
6.511628
6.511628
6.511628
6.511628
6.511628
6.511628
6.511628
6.511628
6.511628
6.511628
6.511628
6.511628
6.511628
6.511628
6.511628
6.511628
6.511628
6.511628
6.511628
6.511628
6.511628
6.511628
6.511628
6.511628
6.511628
6.511628
6.511628
6.511628
6.511628
6.511628
6.511628
6.511628
6.511628
6.511628
6.511628
6.511628
2.5641026
2.8205128
3.0769231
3.3011584
3.3011584
3.3011584
3.3011584
3.3011584
3.3011584
3.3011584
3.3011584
3.3011584
3.3011584
3.3011584
3.3011584
3.3011584
3.3766236
3.5064936
3.6363637
3.766234
3.896104
4.0259743
4.1558447
4.285714
4.4155846
4.545455
4.675325
4.805195
4.9350653
5.064935
5.194805
5.3246756
5.4545455
5.584416
5.714286
5.8441563
5.974026
6.103896
6.2337666
6.3636365
6.4935064
6.623377
6.6279073
6.6279073
6.6279073
6.6279073
6.6279073
6.6279073
6.6279073
6.6279073
6.6279073
6.6279073
6.6279073
6.6279073
6.6279073
6.6279073
6.6279073
6.6279073
6.6279073
6.6279073
6.6279073
6.6279073
6.6279073
6.6279073
6.6279073
6.6279073
6.6279073
6.6279073
6.6279073
6.6279073
6.6279073
6.6279073
6.6279073
6.6279073
6.6279073
6.6279073
6.6279073
6.6279073
6.6279073
6.6279073
6.6279073
6.6279073
6.6279073
6.6279073
6.6279073
6.6279073
6.6279073
6.6279073
6.6279073
6.6279073
2.5641026
2.8205128
3.0769231
3.3333335
3.3590734
3.3590734
3.3590734
3.3590734
3.3590734
3.3590734
3.3590734
3.3590734
3.3590734
3.3590734
3.3590734
3.3590734
3.3766232
3.5064933
3.6363635
3.7662337
3.8961036
4.025974
4.1558437
4.285714
4.4155846
4.545454
4.6753244
4.805195
4.935065
5.0649347
5.194805
5.324675
5.454545
5.5844154
5.7142854
5.844156
5.9740257
6.103896
6.233766
6.363636
6.4935064
6.6233764
6.7441864
6.7441864
6.7441864
6.7441864
6.7441864
6.7441864
6.7441864
6.7441864
6.7441864
6.7441864
6.7441864
6.7441864
6.7441864
6.7441864
6.7441864
6.7441864
6.7441864
6.7441864
6.7441864
6.7441864
6.7441864
6.7441864
6.7441864
6.7441864
6.7441864
6.7441864
6.7441864
6.7441864
6.7441864
6.7441864
6.7441864
6.7441864
6.7441864
6.7441864
6.7441864
6.7441864
6.7441864
6.7441864
6.7441864
6.7441864
6.7441864
6.7441864
6.7441864
6.7441864
6.7441864
6.7441864
6.7441864
6.7441864
2.5641026
2.8205128
3.0769231
3.3333335
3.4169884
3.4169884
3.4169884
3.4169884
3.4169884
3.4169884
3.4169884
3.4169884
3.4169884
3.4169884
3.4169884
3.4169884
3.4169884
3.5064936
3.6363637
3.766234
3.896104
4.0259743
4.155844
4.285714
4.4155846
4.545455
4.675325
4.805195
4.9350653
5.064935
5.194805
5.3246756
5.4545455
5.5844154
5.714286
5.8441563
5.974026
6.103896
6.2337666
6.3636365
6.4935064
6.623377
6.753247
6.860465
6.860465
6.860465
6.860465
6.860465
6.860465
6.860465
6.860465
6.860465
6.860465
6.860465
6.860465
6.860465
6.860465
6.860465
6.860465
6.860465
6.860465
6.860465
6.860465
6.860465
6.860465
6.860465
6.860465
6.860465
6.860465
6.860465
6.860465
6.860465
6.860465
6.860465
6.860465
6.860465
6.860465
6.860465
6.860465
6.860465
6.860465
6.860465
6.860465
6.860465
6.860465
6.860465
6.860465
6.860465
6.860465
6.860465
2.5641026
2.820513
3.0769231
3.3333335
3.4749033
3.4749033
3.4749033
3.4749033
3.4749033
3.4749033
3.4749033
3.4749033
3.4749033
3.4749033
3.4749033
3.4749033
3.4749033
3.506493
3.6363633
3.7662334
3.8961036
4.025974
4.1558437
4.285714
4.415584
4.545454
4.6753244
4.8051944
4.9350643
5.0649347
5.194805
5.324675
5.454545
5.5844154
5.7142854
5.8441553
5.9740257
6.1038957
6.233766
6.363636
6.493506
6.6233764
6.7532463
6.8831167
6.9767437
6.9767437
6.9767437
6.9767437
6.9767437
6.9767437
6.9767437
6.9767437
6.9767437
6.9767437
6.9767437
6.9767437
6.9767437
6.9767437
6.9767437
6.9767437
6.9767437
6.9767437
6.9767437
6.9767437
6.9767437
6.9767437
6.9767437
6.9767437
6.9767437
6.9767437
6.9767437
6.9767437
6.9767437
6.9767437
6.9767437
6.9767437
6.9767437
6.9767437
6.9767437
6.9767437
6.9767437
6.9767437
6.9767437
6.9767437
6.9767437
6.9767437
6.9767437
6.9767437
6.9767437
6.9767437
2.5641024
2.8205128
3.076923
3.3333333
3.5328188
3.5328188
3.5328188
3.5328188
3.5328188
3.5328188
3.5328188
3.5328188
3.5328188
3.5328188
3.5328188
3.5328188
3.5328188
3.5328188
3.6363637
3.766234
3.896104
4.0259743
4.155844
4.285714
4.4155846
4.545455
4.675325
4.805195
4.9350653
5.064935
5.194805
5.3246756
5.4545455
5.584416
5.714286
5.8441563
5.974026
6.103896
6.2337666
6.3636365
6.4935064
6.623377
6.753247
6.883117
7.012987
7.0930233
7.0930233
7.0930233
7.0930233
7.0930233
7.0930233
7.0930233
7.0930233
7.0930233
7.0930233
7.0930233
7.0930233
7.0930233
7.0930233
7.0930233
7.0930233
7.0930233
7.0930233
7.0930233
7.0930233
7.0930233
7.0930233
7.0930233
7.0930233
7.0930233
7.0930233
7.0930233
7.0930233
7.0930233
7.0930233
7.0930233
7.0930233
7.0930233
7.0930233
7.0930233
7.0930233
7.0930233
7.0930233
7.0930233
7.0930233
7.0930233
7.0930233
7.0930233
7.0930233
7.0930233
2.5641026
2.8205128
3.0769231
3.3333335
3.5897436
3.5907335
3.5907335
3.5907335
3.5907335
3.5907335
3.5907335
3.5907335
3.5907335
3.5907335
3.5907335
3.5907335
3.5907335
3.5907335
3.6363633
3.7662334
3.8961036
4.025974
4.1558437
4.285714
4.415584
4.545454
4.6753244
4.805195
4.9350643
5.0649347
5.194805
5.324675
5.454545
5.5844154
5.7142854
5.8441553
5.9740257
6.1038957
6.233766
6.363636
6.4935064
6.6233764
6.7532463
6.8831167
7.0129867
7.142857
7.209302
7.209302
7.209302
7.209302
7.209302
7.209302
7.209302
7.209302
7.209302
7.209302
7.209302
7.209302
7.209302
7.209302
7.209302
7.209302
7.209302
7.209302
7.209302
7.209302
7.209302
7.209302
7.209302
7.209302
7.209302
7.209302
7.209302
7.209302
7.209302
7.209302
7.209302
7.209302
7.209302
7.209302
7.209302
7.209302
7.209302
7.209302
7.209302
7.209302
7.209302
7.209302
7.209302
7.209302
2.5641026
2.8205128
3.076923
3.3333333
3.5897436
3.6486487
3.6486487
3.6486487
3.6486487
3.6486487
3.6486487
3.6486487
3.6486487
3.6486487
3.6486487
3.6486487
3.6486487
3.6486487
3.6486487
3.766234
3.896104
4.0259743
4.1558447
4.285714
4.4155846
4.545455
4.675325
4.805195
4.9350653
5.064935
5.194805
5.3246756
5.4545455
5.584416
5.714286
5.8441563
5.974026
6.103896
6.2337666
6.3636365
6.493507
6.623377
6.753247
6.883117
7.012987
7.1428576
7.2727275
7.3255816
7.3255816
7.3255816
7.3255816
7.3255816
7.3255816
7.3255816
7.3255816
7.3255816
7.3255816
7.3255816
7.3255816
7.3255816
7.3255816
7.3255816
7.3255816
7.3255816
7.3255816
7.3255816
7.3255816
7.3255816
7.3255816
7.3255816
7.3255816
7.3255816
7.3255816
7.3255816
7.3255816
7.3255816
7.3255816
7.3255816
7.3255816
7.3255816
7.3255816
7.3255816
7.3255816
7.3255816
7.3255816
7.3255816
7.3255816
7.3255816
7.3255816
7.3255816
2.5641026
2.820513
3.0769234
3.3333335
3.5897439
3.7065635
3.7065635
3.7065635
3.7065635
3.7065635
3.7065635
3.7065635
3.7065635
3.7065635
3.7065635
3.7065635
3.7065635
3.7065635
3.7065635
3.7662334
3.8961036
4.025974
4.1558437
4.285714
4.415584
4.545454
4.6753244
4.805195
4.935065
5.0649347
5.194805
5.324675
5.454545
5.5844154
5.7142854
5.8441553
5.9740257
6.103896
6.233766
6.363636
6.4935064
6.6233764
6.7532463
6.8831167
7.0129867
7.142857
7.272727
7.402597
7.44186
7.44186
7.44186
7.44186
7.44186
7.44186
7.44186
7.44186
7.44186
7.44186
7.44186
7.44186
7.44186
7.44186
7.44186
7.44186
7.44186
7.44186
7.44186
7.44186
7.44186
7.44186
7.44186
7.44186
7.44186
7.44186
7.44186
7.44186
7.44186
7.44186
7.44186
7.44186
7.44186
7.44186
7.44186
7.44186
7.44186
7.44186
7.44186
7.44186
7.44186
7.44186
2.5641024
2.8205128
3.076923
3.3333333
3.5897434
3.764479
3.764479
3.764479
3.764479
3.764479
3.764479
3.764479
3.764479
3.764479
3.764479
3.764479
3.764479
3.764479
3.764479
3.766234
3.896104
4.0259743
4.1558447
4.2857146
4.4155846
4.545455
4.675325
4.805195
4.9350653
5.064935
5.194805
5.3246756
5.454546
5.584416
5.714286
5.8441563
5.974026
6.103896
6.2337666
6.3636365
6.493507
6.623377
6.7532473
6.883117
7.012987
7.1428576
7.2727275
7.4025974
7.532468
7.55814
7.55814
7.55814
7.55814
7.55814
7.55814
7.55814
7.55814
7.55814
7.55814
7.55814
7.55814
7.55814
7.55814
7.55814
7.55814
7.55814
7.55814
7.55814
7.55814
7.55814
7.55814
7.55814
7.55814
7.55814
7.55814
7.55814
7.55814
7.55814
7.55814
7.55814
7.55814
7.55814
7.55814
7.55814
7.55814
7.55814
7.55814
7.55814
7.55814
7.55814
2.5641026
2.8205128
3.076923
3.3333333
3.5897436
3.822394
3.822394
3.822394
3.822394
3.822394
3.822394
3.822394
3.822394
3.822394
3.822394
3.822394
3.822394
3.822394
3.822394
3.822394
3.8961036
4.025974
4.1558437
4.285714
4.415584
4.545454
4.6753244
4.805195
4.935065
5.0649347
5.194805
5.324675
5.454545
5.5844154
5.7142854
5.844156
5.9740257
6.103896
6.233766
6.363636
6.4935064
6.6233764
6.7532463
6.8831167
7.0129867
7.142857
7.272727
7.4025974
7.5324674
7.6623373
7.6744184
7.6744184
7.6744184
7.6744184
7.6744184
7.6744184
7.6744184
7.6744184
7.6744184
7.6744184
7.6744184
7.6744184
7.6744184
7.6744184
7.6744184
7.6744184
7.6744184
7.6744184
7.6744184
7.6744184
7.6744184
7.6744184
7.6744184
7.6744184
7.6744184
7.6744184
7.6744184
7.6744184
7.6744184
7.6744184
7.6744184
7.6744184
7.6744184
7.6744184
7.6744184
7.6744184
7.6744184
7.6744184
7.6744184
7.6744184
2.5835476
2.8205128
3.0769231
3.3333333
3.5897436
3.8461537
3.8803089
3.8803089
3.8803089
3.8803089
3.8803089
3.8803089
3.8803089
3.8803089
3.8803089
3.8803089
3.8803089
3.8803089
3.8803089
3.8803089
3.896104
4.0259743
4.1558447
4.2857146
4.4155846
4.545455
4.675325
4.805195
4.9350653
5.0649357
5.194805
5.3246756
5.454546
5.584416
5.714286
5.8441563
5.974026
6.103896
6.2337666
6.3636365
6.493507
6.623377
6.7532473
6.883117
7.012987
7.1428576
7.2727275
7.402598
7.532468
7.662338
7.790698
7.790698
7.790698
7.790698
7.790698
7.790698
7.790698
7.790698
7.790698
7.790698
7.790698
7.790698
7.790698
7.790698
7.790698
7.790698
7.790698
7.790698
7.790698
7.790698
7.790698
7.790698
7.790698
7.790698
7.790698
7.790698
7.790698
7.790698
7.790698
7.790698
7.790698
7.790698
7.790698
7.790698
7.790698
7.790698
7.790698
7.790698
7.790698
7.790698
2.622108
2.8205128
3.0769231
3.3333335
3.5897436
3.846154
3.9382238
3.9382238
3.9382238
3.9382238
3.9382238
3.9382238
3.9382238
3.9382238
3.9382238
3.9382238
3.9382238
3.9382238
3.9382238
3.9382238
3.9382238
4.025974
4.1558437
4.285714
4.4155846
4.545454
4.6753244
4.805195
4.935065
5.0649347
5.194805
5.324675
5.454545
5.5844154
5.714286
5.844156
5.9740257
6.103896
6.233766
6.363636
6.4935064
6.6233764
6.7532463
6.8831167
7.0129867
7.142857
7.272727
7.4025974
7.5324674
7.6623373
7.7922077
7.9069767
7.9069767
7.9069767
7.9069767
7.9069767
7.9069767
7.9069767
7.9069767
7.9069767
7.9069767
7.9069767
7.9069767
7.9069767
7.9069767
7.9069767
7.9069767
7.9069767
7.9069767
7.9069767
7.9069767
7.9069767
7.9069767
7.9069767
7.9069767
7.9069767
7.9069767
7.9069767
7.9069767
7.9069767
7.9069767
7.9069767
7.9069767
7.9069767
7.9069767
7.9069767
7.9069767
7.9069767
7.9069767
7.9069767
2.631579
2.8205128
3.076923
3.3333333
3.5897436
3.8461537
3.996139
3.996139
3.996139
3.996139
3.996139
3.996139
3.996139
3.996139
3.996139
3.996139
3.996139
3.996139
3.996139
3.996139
3.996139
4.0259743
4.1558447
4.2857146
4.4155846
4.545455
4.675325
4.805195
4.9350653
5.0649357
5.1948056
5.3246756
5.454546
5.584416
5.714286
5.8441563
5.974026
6.103896
6.2337666
6.363637
6.493507
6.623377
6.7532473
6.883117
7.012987
7.1428576
7.2727275
7.402598
7.532468
7.662338
7.792208
7.922078
8.023256
8.023256
8.023256
8.023256
8.023256
8.023256
8.023256
8.023256
8.023256
8.023256
8.023256
8.023256
8.023256
8.023256
8.023256
8.023256
8.023256
8.023256
8.023256
8.023256
8.023256
8.023256
8.023256
8.023256
8.023256
8.023256
8.023256
8.023256
8.023256
8.023256
8.023256
8.023256
8.023256
8.023256
8.023256
8.023256
8.023256
8.023256
2.631579
2.8205128
3.076923
3.333333
3.5897434
3.8461537
4.0540543
4.0540543
4.0540543
4.0540543
4.0540543
4.0540543
4.0540543
4.0540543
4.0540543
4.0540543
4.0540543
4.0540543
4.0540543
4.0540543
4.0540543
4.0540543
4.1558437
4.285714
4.4155846
4.5454545
4.6753244
4.805195
4.935065
5.0649347
5.194805
5.324675
5.454545
5.5844154
5.714286
5.844156
5.9740257
6.103896
6.233766
6.363636
6.4935064
6.6233764
6.753247
6.8831167
7.012987
7.142857
7.272727
7.4025974
7.5324674
7.6623373
7.7922077
7.9220777
8.051948
8.139535
8.139535
8.139535
8.139535
8.139535
8.139535
8.139535
8.139535
8.139535
8.139535
8.139535
8.139535
8.139535
8.139535
8.139535
8.139535
8.139535
8.139535
8.139535
8.139535
8.139535
8.139535
8.139535
8.139535
8.139535
8.139535
8.139535
8.139535
8.139535
8.139535
8.139535
8.139535
8.139535
8.139535
8.139535
8.139535
8.139535
2.631579
2.8205128
3.0769231
3.3333333
3.5897436
3.8461537
4.1025643
4.111969
4.111969
4.111969
4.111969
4.111969
4.111969
4.111969
4.111969
4.111969
4.111969
4.111969
4.111969
4.111969
4.111969
4.111969
4.155844
4.285714
4.4155846
4.545455
4.675325
4.805195
4.9350653
5.064935
5.194805
5.3246756
5.454546
5.5844154
5.714286
5.8441563
5.974026
6.103896
6.2337666
6.3636365
6.4935064
6.623377
6.753247
6.883117
7.012987
7.1428576
7.2727275
7.4025974
7.532468
7.662338
7.792208
7.922078
8.051949
8.181818
8.255814
8.255814
8.255814
8.255814
8.255814
8.255814
8.255814
8.255814
8.255814
8.255814
8.255814
8.255814
8.255814
8.255814
8.255814
8.255814
8.255814
8.255814
8.255814
8.255814
8.255814
8.255814
8.255814
8.255814
8.255814
8.255814
8.255814
8.255814
8.255814
8.255814
8.255814
8.255814
8.255814
8.255814
8.255814
8.255814
2.631579
2.8205128
3.076923
3.3333333
3.5897436
3.8461537
4.102564
4.169884
4.169884
4.169884
4.169884
4.169884
4.169884
4.169884
4.169884
4.169884
4.169884
4.169884
4.169884
4.169884
4.169884
4.169884
4.169884
4.285714
4.4155846
4.5454545
4.6753244
4.805195
4.935065
5.0649347
5.194805
5.3246756
5.454545
5.5844154
5.714286
5.844156
5.9740257
6.103896
6.233766
6.363636
6.4935064
6.6233764
6.753247
6.8831167
7.012987
7.142857
7.272727
7.4025974
7.5324674
7.6623373
7.7922077
7.9220777
8.051948
8.181818
8.311688
8.372093
8.372093
8.372093
8.372093
8.372093
8.372093
8.372093
8.372093
8.372093
8.372093
8.372093
8.372093
8.372093
8.372093
8.372093
8.372093
8.372093
8.372093
8.372093
8.372093
8.372093
8.372093
8.372093
8.372093
8.372093
8.372093
8.372093
8.372093
8.372093
8.372093
8.372093
8.372093
8.372093
8.372093
8.372093
2.631579
2.8205128
3.0769231
3.3333335
3.5897436
3.846154
4.1025643
4.227799
4.227799
4.227799
4.227799
4.227799
4.227799
4.227799
4.227799
4.227799
4.227799
4.227799
4.227799
4.227799
4.227799
4.227799
4.227799
4.2857146
4.4155846
4.545455
4.675325
4.805195
4.9350653
5.064935
5.194805
5.3246756
5.454546
5.584416
5.714286
5.8441563
5.974026
6.103896
6.2337666
6.3636365
6.4935064
6.623377
6.7532473
6.883117
7.012987
7.1428576
7.2727275
7.4025974
7.532468
7.662338
7.792208
7.922078
8.051949
8.181818
8.311688
8.441559
8.488372
8.488372
8.488372
8.488372
8.488372
8.488372
8.488372
8.488372
8.488372
8.488372
8.488372
8.488372
8.488372
8.488372
8.488372
8.488372
8.488372
8.488372
8.488372
8.488372
8.488372
8.488372
8.488372
8.488372
8.488372
8.488372
8.488372
8.488372
8.488372
8.488372
8.488372
8.488372
8.488372
8.488372
2.631579
2.8534703
3.076923
3.3333333
3.5897436
3.8461537
4.102564
4.285714
4.285714
4.285714
4.285714
4.285714
4.285714
4.285714
4.285714
4.285714
4.285714
4.285714
4.285714
4.285714
4.285714
4.285714
4.285714
4.285714
4.415584
4.5454545
4.6753244
4.805195
4.935065
5.0649347
5.194805
5.324675
5.454545
5.5844154
5.7142854
5.8441553
5.9740257
6.103896
6.233766
6.363636
6.4935064
6.6233764
6.7532463
6.8831167
7.0129867
7.142857
7.272727
7.4025974
7.5324674
7.6623373
7.7922077
7.9220777
8.051948
8.181818
8.311688
8.441558
8.571428
8.6046505
8.6046505
8.6046505
8.6046505
8.6046505
8.6046505
8.6046505
8.6046505
8.6046505
8.6046505
8.6046505
8.6046505
8.6046505
8.6046505
8.6046505
8.6046505
8.6046505
8.6046505
8.6046505
8.6046505
8.6046505
8.6046505
8.6046505
8.6046505
8.6046505
8.6046505
8.6046505
8.6046505
8.6046505
8.6046505
8.6046505
8.6046505
8.6046505
2.631579
2.892031
3.076923
3.3333333
3.5897434
3.8461537
4.102564
4.3436294
4.3436294
4.3436294
4.3436294
4.3436294
4.3436294
4.3436294
4.3436294
4.3436294
4.3436294
4.3436294
4.3436294
4.3436294
4.3436294
4.3436294
4.3436294
4.3436294
4.4155846
4.545455
4.675325
4.805195
4.9350653
5.0649357
5.194805
5.3246756
5.454546
5.584416
5.714286
5.8441563
5.974026
6.103896
6.2337666
6.363637
6.4935064
6.623377
6.7532473
6.883117
7.012987
7.1428576
7.2727275
7.4025974
7.532468
7.662338
7.792208
7.922078
8.051949
8.181818
8.311688
8.441559
8.571429
8.701299
8.72093
8.72093
8.72093
8.72093
8.72093
8.72093
8.72093
8.72093
8.72093
8.72093
8.72093
8.72093
8.72093
8.72093
8.72093
8.72093
8.72093
8.72093
8.72093
8.72093
8.72093
8.72093
8.72093
8.72093
8.72093
8.72093
8.72093
8.72093
8.72093
8.72093
8.72093
8.72093
2.631579
2.8947368
3.0769234
3.3333335
3.5897436
3.846154
4.1025643
4.3589745
4.4015446
4.4015446
4.4015446
4.4015446
4.4015446
4.4015446
4.4015446
4.4015446
4.4015446
4.4015446
4.4015446
4.4015446
4.4015446
4.4015446
4.4015446
4.4015446
4.4155846
4.5454545
4.6753244
4.805195
4.935065
5.0649347
5.194805
5.3246756
5.4545455
5.5844154
5.714286
5.844156
5.9740257
6.103896
6.2337666
6.363636
6.4935064
6.623377
6.753247
6.8831167
7.012987
7.142857
7.272727
7.4025974
7.5324674
7.662338
7.7922077
7.922078
8.051948
8.181818
8.311688
8.441559
8.571428
8.701299
8.831169
8.83721
8.83721
8.83721
8.83721
8.83721
8.83721
8.83721
8.83721
8.83721
8.83721
8.83721
8.83721
8.83721
8.83721
8.83721
8.83721
8.83721
8.83721
8.83721
8.83721
8.83721
8.83721
8.83721
8.83721
8.83721
8.83721
8.83721
8.83721
8.83721
8.83721
8.83721
2.631579
2.8947368
3.076923
3.3333333
3.5897436
3.8461537
4.102564
4.3589745
4.4594593
4.4594593
4.4594593
4.4594593
4.4594593
4.4594593
4.4594593
4.4594593
4.4594593
4.4594593
4.4594593
4.4594593
4.4594593
4.4594593
4.4594593
4.4594593
4.4594593
4.545455
4.675325
4.8051953
4.9350653
5.0649357
5.1948056
5.3246756
5.454546
5.584416
5.714286
5.8441563
5.974026
6.103896
6.2337666
6.363637
6.493507
6.623377
6.7532473
6.883117
7.012987
7.1428576
7.2727275
7.4025974
7.532468
7.6623383
7.792208
7.922078
8.051949
8.181818
8.311688
8.441559
8.571429
8.701299
8.831169
8.953488
8.953488
8.953488
8.953488
8.953488
8.953488
8.953488
8.953488
8.953488
8.953488
8.953488
8.953488
8.953488
8.953488
8.953488
8.953488
8.953488
8.953488
8.953488
8.953488
8.953488
8.953488
8.953488
8.953488
8.953488
8.953488
8.953488
8.953488
8.953488
8.953488
8.953488
2.631579
2.894737
3.076923
3.333333
3.5897434
3.8461537
4.102564
4.358974
4.5173745
4.5173745
4.5173745
4.5173745
4.5173745
4.5173745
4.5173745
4.5173745
4.5173745
4.5173745
4.5173745
4.5173745
4.5173745
4.5173745
4.5173745
4.5173745
4.5173745
4.5454545
4.6753244
4.805195
4.935065
5.0649347
5.194805
5.324675
5.454545
5.5844154
5.714286
5.844156
5.9740257
6.103896
6.233766
6.363636
6.4935064
6.6233764
6.7532463
6.8831167
7.012987
7.142857
7.272727
7.4025974
7.5324674
7.6623373
7.7922077
7.9220777
8.051948
8.181818
8.311688
8.441558
8.571428
8.701299
8.831169
8.961039
9.069767
9.069767
9.069767
9.069767
9.069767
9.069767
9.069767
9.069767
9.069767
9.069767
9.069767
9.069767
9.069767
9.069767
9.069767
9.069767
9.069767
9.069767
9.069767
9.069767
9.069767
9.069767
9.069767
9.069767
9.069767
9.069767
9.069767
9.069767
9.069767
9.069767
2.631579
2.8947368
3.0769234
3.3333335
3.5897436
3.846154
4.1025643
4.3589745
4.5752897
4.5752897
4.5752897
4.5752897
4.5752897
4.5752897
4.5752897
4.5752897
4.5752897
4.5752897
4.5752897
4.5752897
4.5752897
4.5752897
4.5752897
4.5752897
4.5752897
4.5752897
4.675325
4.8051953
4.9350653
5.064935
5.1948056
5.3246756
5.454546
5.584416
5.714286
5.8441563
5.974026
6.103896
6.2337666
6.363637
6.493507
6.623377
6.7532473
6.883117
7.012987
7.1428576
7.2727275
7.402598
7.532468
7.6623383
7.792208
7.922078
8.051949
8.181818
8.311688
8.441559
8.571429
8.701299
8.831169
8.96104
9.090909
9.186047
9.186047
9.186047
9.186047
9.186047
9.186047
9.186047
9.186047
9.186047
9.186047
9.186047
9.186047
9.186047
9.186047
9.186047
9.186047
9.186047
9.186047
9.186047
9.186047
9.186047
9.186047
9.186047
9.186047
9.186047
9.186047
9.186047
9.186047
9.186047
2.631579
2.894737
3.084833
3.3333333
3.5897436
3.8461537
4.102564
4.3589745
4.6153846
4.6332045
4.6332045
4.6332045
4.6332045
4.6332045
4.6332045
4.6332045
4.6332045
4.6332045
4.6332045
4.6332045
4.6332045
4.6332045
4.6332045
4.6332045
4.6332045
4.6332045
4.675325
4.805195
4.935065
5.064935
5.194805
5.3246756
5.4545455
5.5844154
5.714286
5.844156
5.9740257
6.103896
6.2337666
6.3636365
6.4935064
6.623377
6.753247
6.8831167
7.012987
7.142857
7.272727
7.4025974
7.532468
7.662338
7.7922077
7.922078
8.051949
8.181818
8.311688
8.441559
8.571428
8.701299
8.831169
8.961039
9.090909
9.220779
9.302326
9.302326
9.302326
9.302326
9.302326
9.302326
9.302326
9.302326
9.302326
9.302326
9.302326
9.302326
9.302326
9.302326
9.302326
9.302326
9.302326
9.302326
9.302326
9.302326
9.302326
9.302326
9.302326
9.302326
9.302326
9.302326
9.302326
9.302326
2.631579
2.8947368
3.1233935
3.333333
3.5897434
3.8461537
4.102564
4.358974
4.6153846
4.6911197
4.6911197
4.6911197
4.6911197
4.6911197
4.6911197
4.6911197
4.6911197
4.6911197
4.6911197
4.6911197
4.6911197
4.6911197
4.6911197
4.6911197
4.6911197
4.6911197
4.6911197
4.8051953
4.9350653
5.0649357
5.1948056
5.3246756
5.454546
5.584416
5.714286
5.8441563
5.9740267
6.103896
6.2337666
6.363637
6.493507
6.623377
6.7532473
6.883117
7.012987
7.1428576
7.272728
7.402598
7.532468
7.6623383
7.792208
7.922078
8.051949
8.181819
8.311688
8.441559
8.571429
8.701299
8.831169
8.96104
9.09091
9.220779
9.35065
9.418605
9.418605
9.418605
9.418605
9.418605
9.418605
9.418605
9.418605
9.418605
9.418605
9.418605
9.418605
9.418605
9.418605
9.418605
9.418605
9.418605
9.418605
9.418605
9.418605
9.418605
9.418605
9.418605
9.418605
9.418605
9.418605
9.418605
2.631579
2.894737
3.1578948
3.3333335
3.5897436
3.846154
4.1025643
4.3589745
4.6153846
4.749035
4.749035
4.749035
4.749035
4.749035
4.749035
4.749035
4.749035
4.749035
4.749035
4.749035
4.749035
4.749035
4.749035
4.749035
4.749035
4.749035
4.749035
4.805195
4.935065
5.064935
5.194805
5.324675
5.4545455
5.5844154
5.714286
5.844156
5.9740257
6.103896
6.233766
6.363636
6.4935064
6.623377
6.753247
6.8831167
7.012987
7.142857
7.272727
7.4025974
7.5324674
7.6623373
7.7922077
7.922078
8.051948
8.181818
8.311688
8.441559
8.571428
8.701299
8.831169
8.961039
9.090909
9.220779
9.350649
9.480519
9.5348835
9.5348835
9.5348835
9.5348835
9.5348835
9.5348835
9.5348835
9.5348835
9.5348835
9.5348835
9.5348835
9.5348835
9.5348835
9.5348835
9.5348835
9.5348835
9.5348835
9.5348835
9.5348835
9.5348835
9.5348835
9.5348835
9.5348835
9.5348835
9.5348835
9.5348835
2.631579
2.8947368
3.1578946
3.3333333
3.5897436
3.8461537
4.102564
4.3589745
4.6153846
4.8069496
4.8069496
4.8069496
4.8069496
4.8069496
4.8069496
4.8069496
4.8069496
4.8069496
4.8069496
4.8069496
4.8069496
4.8069496
4.8069496
4.8069496
4.8069496
4.8069496
4.8069496
4.8069496
4.935065
5.0649347
5.1948047
5.324675
5.454545
5.5844154
5.7142854
5.8441553
5.9740257
6.1038957
6.2337656
6.363636
6.4935064
6.6233764
6.7532463
6.8831167
7.0129867
7.1428566
7.272727
7.402597
7.532467
7.6623373
7.7922077
7.9220777
8.051948
8.181818
8.311687
8.441558
8.571428
8.701299
8.831168
8.961039
9.090909
9.220778
9.350649
9.480519
9.61039
9.651163
9.651163
9.651163
9.651163
9.651163
9.651163
9.651163
9.651163
9.651163
9.651163
9.651163
9.651163
9.651163
9.651163
9.651163
9.651163
9.651163
9.651163
9.651163
9.651163
9.651163
9.651163
9.651163
9.651163
9.651163
2.631579
2.8947368
3.1578948
3.3333335
3.5897436
3.846154
4.1025643
4.3589745
4.6153846
4.864865
4.864865
4.864865
4.864865
4.864865
4.864865
4.864865
4.864865
4.864865
4.864865
4.864865
4.864865
4.864865
4.864865
4.864865
4.864865
4.864865
4.864865
4.864865
4.935065
5.064935
5.194805
5.324675
5.4545455
5.5844154
5.714286
5.844156
5.9740257
6.103896
6.233766
6.363636
6.4935064
6.623377
6.753247
6.8831167
7.012987
7.142857
7.272727
7.4025974
7.532468
7.6623373
7.7922077
7.922078
8.051949
8.181818
8.311688
8.441559
8.571428
8.701299
8.831169
8.961039
9.090909
9.220779
9.350649
9.480519
9.61039
9.74026
9.767442
9.767442
9.767442
9.767442
9.767442
9.767442
9.767442
9.767442
9.767442
9.767442
9.767442
9.767442
9.767442
9.767442
9.767442
9.767442
9.767442
9.767442
9.767442
9.767442
9.767442
9.767442
9.767442
9.767442
2.631579
2.8947368
3.1578948
3.3333335
3.5897436
3.846154
4.1025643
4.3589745
4.6153846
4.871795
4.92278
4.92278
4.92278
4.92278
4.92278
4.92278
4.92278
4.92278
4.92278
4.92278
4.92278
4.92278
4.92278
4.92278
4.92278
4.92278
4.92278
4.92278
4.9350653
5.064935
5.1948056
5.3246756
5.454546
5.584416
5.714286
5.8441563
5.974026
6.103896
6.2337666
6.363637
6.493507
6.623377
6.7532473
6.883117
7.012987
7.1428576
7.2727275
7.4025974
7.532468
7.6623383
7.792208
7.922078
8.051949
8.181818
8.311688
8.441559
8.571429
8.701299
8.831169
8.96104
9.090909
9.220779
9.35065
9.48052
9.61039
9.74026
9.870131
9.88372
9.88372
9.88372
9.88372
9.88372
9.88372
9.88372
9.88372
9.88372
9.88372
9.88372
9.88372
9.88372
9.88372
9.88372
9.88372
9.88372
9.88372
9.88372
9.88372
9.88372
9.88372
9.88372
2.631579
2.8947368
3.1578948
3.3333333
3.5897436
3.8461537
4.102564
4.3589745
4.6153846
4.8717947
4.9806952
4.9806952
4.9806952
4.9806952
4.9806952
4.9806952
4.9806952
4.9806952
4.9806952
4.9806952
4.9806952
4.9806952
4.9806952
4.9806952
4.9806952
4.9806952
4.9806952
4.9806952
4.9806952
5.064935
5.194805
5.3246756
5.4545455
5.5844154
5.714286
5.844156
5.974026
6.103896
6.2337666
6.363636
6.4935064
6.623377
6.753247
6.8831167
7.012987
7.142857
7.272727
7.4025974
7.532468
7.662338
7.7922077
7.922078
8.051949
8.181818
8.311688
8.441559
8.571428
8.701299
8.831169
8.961039
9.090909
9.220779
9.350649
9.480519
9.61039
9.74026
9.87013
10.0
10.0
10.0
10.0
10.0
10.0
10.0
10.0
10.0
10.0
10.0
10.0
10.0
10.0
10.0
10.0
10.0
10.0
10.0
10.0
10.0
10.0
10.0
2.631579
2.894737
3.1578948
3.3547559
3.5897436
3.846154
4.1025643
4.3589745
4.6153846
4.871795
5.03861
5.03861
5.03861
5.03861
5.03861
5.03861
5.03861
5.03861
5.03861
5.03861
5.03861
5.03861
5.03861
5.03861
5.03861
5.03861
5.03861
5.03861
5.03861
5.064935
5.1948056
5.3246756
5.454546
5.584416
5.714286
5.8441563
5.974026
6.1038966
6.2337666
6.363637
6.493507
6.623377
6.7532473
6.883117
7.012987
7.1428576
7.2727275
7.4025974
7.532468
7.6623383
7.792208
7.922078
8.051949
8.181818
8.311688
8.441559
8.571429
8.701299
8.831169
8.96104
9.09091
9.220779
9.35065
9.48052
9.61039
9.74026
9.870131
10.0
10.116279
10.116279
10.116279
10.116279
10.116279
10.116279
10.116279
10.116279
10.116279
10.116279
10.116279
10.116279
10.116279
10.116279
10.116279
10.116279
10.116279
10.116279
10.116279
10.116279
10.116279
10.116279
2.631579
2.894737
3.1578948
3.3933163
3.5897436
3.8461537
4.1025643
4.3589745
4.6153846
4.8717947
5.096525
5.096525
5.096525
5.096525
5.096525
5.096525
5.096525
5.096525
5.096525
5.096525
5.096525
5.096525
5.096525
5.096525
5.096525
5.096525
5.096525
5.096525
5.096525
5.096525
5.194805
5.3246756
5.4545455
5.5844154
5.714286
5.844156
5.974026
6.103896
6.2337666
6.3636365
6.4935064
6.623377
6.753247
6.8831167
7.012987
7.142857
7.272727
7.4025974
7.532468
7.662338
7.7922077
7.922078
8.051949
8.181818
8.311688
8.441559
8.571428
8.701299
8.831169
8.961039
9.090909
9.220779
9.35065
9.480519
9.61039
9.74026
9.87013
10.0
10.12987
10.232558
10.232558
10.232558
10.232558
10.232558
10.232558
10.232558
10.232558
10.232558
10.232558
10.232558
10.232558
10.232558
10.232558
10.232558
10.232558
10.232558
10.232558
10.232558
10.232558
10.232558
2.631579
2.8947368
3.1578946
3.4210525
3.5897436
3.8461537
4.102564
4.3589745
4.6153846
4.8717947
5.128205
5.15444
5.15444
5.15444
5.15444
5.15444
5.15444
5.15444
5.15444
5.15444
5.15444
5.15444
5.15444
5.15444
5.15444
5.15444
5.15444
5.15444
5.15444
5.15444
5.1948056
5.3246756
5.454546
5.584416
5.714286
5.8441563
5.974026
6.1038966
6.2337666
6.363637
6.493507
6.623377
6.7532473
6.883117
7.012987
7.1428576
7.272728
7.4025974
7.532468
7.6623383
7.792208
7.922078
8.051949
8.181818
8.311688
8.441559
8.571429
8.701299
8.831169
8.96104
9.09091
9.220779
9.35065
9.48052
9.61039
9.74026
9.870131
10.0
10.12987
10.259741
10.348837
10.348837
10.348837
10.348837
10.348837
10.348837
10.348837
10.348837
10.348837
10.348837
10.348837
10.348837
10.348837
10.348837
10.348837
10.348837
10.348837
10.348837
10.348837
10.348837
2.6315792
2.894737
3.1578948
3.4210527
3.5897434
3.8461537
4.102564
4.358974
4.6153846
4.8717947
5.128205
5.2123556
5.2123556
5.2123556
5.2123556
5.2123556
5.2123556
5.2123556
5.2123556
5.2123556
5.2123556
5.2123556
5.2123556
5.2123556
5.2123556
5.2123556
5.2123556
5.2123556
5.2123556
5.2123556
5.2123556
5.3246756
5.4545455
5.5844154
5.714286
5.844156
5.974026
6.103896
6.233766
6.3636365
6.4935064
6.623377
6.753247
6.8831167
7.012987
7.1428576
7.272727
7.4025974
7.532468
7.662338
7.7922077
7.922078
8.051949
8.181818
8.311688
8.441559
8.571428
8.701299
8.831169
8.961039
9.090909
9.220779
9.35065
9.480519
9.61039
9.74026
9.87013
10.0
10.12987
10.25974
10.38961
10.4651165
10.4651165
10.4651165
10.4651165
10.4651165
10.4651165
10.4651165
10.4651165
10.4651165
10.4651165
10.4651165
10.4651165
10.4651165
10.4651165
10.4651165
10.4651165
10.4651165
10.4651165
10.4651165
2.631579
2.8947368
3.1578946
3.4210527
3.5897436
3.8461537
4.102564
4.3589745
4.6153846
4.8717947
5.1282053
5.2702703
5.2702703
5.2702703
5.2702703
5.2702703
5.2702703
5.2702703
5.2702703
5.2702703
5.2702703
5.2702703
5.2702703
5.2702703
5.2702703
5.2702703
5.2702703
5.2702703
5.2702703
5.2702703
5.2702703
5.324675
5.454545
5.5844154
5.7142854
5.8441553
5.9740257
6.1038957
6.233766
6.363636
6.493506
6.623376
6.7532463
6.8831167
7.0129867
7.1428566
7.272727
7.402597
7.532467
7.6623373
7.7922077
7.9220777
8.051948
8.181818
8.311687
8.441558
8.571428
8.701299
8.831168
8.961039
9.090909
9.220778
9.350649
9.480519
9.61039
9.740259
9.87013
10.0
10.129869
10.25974
10.38961
10.51948
10.581395
10.581395
10.581395
10.581395
10.581395
10.581395
10.581395
10.581395
10.581395
10.581395
10.581395
10.581395
10.581395
10.581395
10.581395
10.581395
10.581395
10.581395
2.6589594
2.894737
3.1578948
3.421053
3.5897434
3.8461537
4.102564
4.358974
4.6153846
4.8717947
5.128205
5.328185
5.328185
5.328185
5.328185
5.328185
5.328185
5.328185
5.328185
5.328185
5.328185
5.328185
5.328185
5.328185
5.328185
5.328185
5.328185
5.328185
5.328185
5.328185
5.328185
5.328185
5.4545455
5.584416
5.714286
5.844156
5.974026
6.103896
6.2337666
6.3636365
6.4935064
6.623377
6.753247
6.8831167
7.012987
7.1428576
7.2727275
7.4025974
7.532468
7.662338
7.7922077
7.922078
8.051949
8.181818
8.311688
8.441559
8.571428
8.701299
8.831169
8.961039
9.090909
9.220779
9.35065
9.480519
9.61039
9.74026
9.87013
10.0
10.12987
10.259741
10.38961
10.519481
10.649351
10.697675
10.697675
10.697675
10.697675
10.697675
10.697675
10.697675
10.697675
10.697675
10.697675
10.697675
10.697675
10.697675
10.697675
10.697675
10.697675
10.697675
2.6878614
2.8947368
3.1578948
3.4210527
3.5897436
3.846154
4.1025643
4.3589745
4.6153846
4.871795
5.1282053
5.3846154
5.3861003
5.3861003
5.3861003
5.3861003
5.3861003
5.3861003
5.3861003
5.3861003
5.3861003
5.3861003
5.3861003
5.3861003
5.3861003
5.3861003
5.3861003
5.3861003
5.3861003
5.3861003
5.3861003
5.3861003
5.454545
5.5844154
5.7142854
5.8441553
5.9740257
6.1038957
6.233766
6.363636
6.493506
6.6233764
6.7532463
6.8831167
7.0129867
7.1428566
7.272727
7.402597
7.532467
7.6623373
7.7922077
7.9220777
8.051948
8.181818
8.311687
8.441558
8.571428
8.701298
8.831168
8.961039
9.090909
9.220778
9.350649
9.480519
9.61039
9.740259
9.87013
10.0
10.129869
10.25974
10.38961
10.51948
10.64935
10.779221
10.813953
10.813953
10.813953
10.813953
10.813953
10.813953
10.813953
10.813953
10.813953
10.813953
10.813953
10.813953
10.813953
10.813953
10.813953
10.813953
2.716763
2.8947368
3.1578946
3.4210525
3.6246786
3.8461537
4.102564
4.3589745
4.6153846
4.8717947
5.1282053
5.3846154
5.4440155
5.4440155
5.4440155
5.4440155
5.4440155
5.4440155
5.4440155
5.4440155
5.4440155
5.4440155
5.4440155
5.4440155
5.4440155
5.4440155
5.4440155
5.4440155
5.4440155
5.4440155
5.4440155
5.4440155
5.4545455
5.584416
5.714286
5.844156
5.974026
6.103896
6.2337666
6.3636365
6.4935064
6.623377
6.753247
6.883117
7.012987
7.1428576
7.2727275
7.4025974
7.532468
7.662338
7.7922077
7.922078
8.051949
8.181818
8.311688
8.441559
8.571428
8.701299
8.831169
8.961039
9.090909
9.220779
9.35065
9.480519
9.61039
9.74026
9.870131
10.0
10.12987
10.259741
10.38961
10.519481
10.649351
10.779221
10.909091
10.930233
10.930233
10.930233
10.930233
10.930233
10.930233
10.930233
10.930233
10.930233
10.930233
10.930233
10.930233
10.930233
10.930233
10.930233
2.7456646
2.894737
3.1578948
3.4210527
3.663239
3.8461537
4.102564
4.3589745
4.6153846
4.8717947
5.128205
5.3846154
5.5019307
5.5019307
5.5019307
5.5019307
5.5019307
5.5019307
5.5019307
5.5019307
5.5019307
5.5019307
5.5019307
5.5019307
5.5019307
5.5019307
5.5019307
5.5019307
5.5019307
5.5019307
5.5019307
5.5019307
5.5019307
5.5844154
5.7142854
5.8441553
5.9740257
6.1038957
6.233766
6.363636
6.493506
6.6233764
6.7532463
6.8831167
7.0129867
7.1428566
7.272727
7.4025974
7.532467
7.6623373
7.7922077
7.9220777
8.051948
8.181818
8.311687
8.441558
8.571428
8.701299
8.831168
8.961039
9.090909
9.220779
9.350649
9.480519
9.61039
9.740259
9.87013
10.0
10.129869
10.25974
10.38961
10.51948
10.64935
10.779221
10.909091
11.03896
11.046512
11.046512
11.046512
11.046512
11.046512
11.046512
11.046512
11.046512
11.046512
11.046512
11.046512
11.046512
11.046512
11.046512
2.7745664
2.894737
3.1578948
3.4210527
3.6842108
3.846154
4.1025643
4.3589745
4.6153846
4.8717947
5.1282053
5.3846154
5.5598454
5.5598454
5.5598454
5.5598454
5.5598454
5.5598454
5.5598454
5.5598454
5.5598454
5.5598454
5.5598454
5.5598454
5.5598454
5.5598454
5.5598454
5.5598454
5.5598454
5.5598454
5.5598454
5.5598454
5.5598454
5.584416
5.714286
5.8441563
5.974026
6.103896
6.2337666
6.3636365
6.493507
6.623377
6.753247
6.883117
7.012987
7.1428576
7.2727275
7.4025974
7.532468
7.662338
7.7922077
7.922078
8.051949
8.181818
8.311688
8.441559
8.571428
8.701299
8.831169
8.961039
9.090909
9.220779
9.35065
9.480519
9.61039
9.74026
9.870131
10.0
10.12987
10.259741
10.38961
10.519481
10.649351
10.779221
10.909091
11.038961
11.162791
11.162791
11.162791
11.162791
11.162791
11.162791
11.162791
11.162791
11.162791
11.162791
11.162791
11.162791
11.162791
11.162791
2.8034682
2.894737
3.1578948
3.4210527
3.6842105
3.8461537
4.102564
4.3589745
4.6153846
4.8717947
5.1282053
5.3846154
5.6177607
5.6177607
5.6177607
5.6177607
5.6177607
5.6177607
5.6177607
5.6177607
5.6177607
5.6177607
5.6177607
5.6177607
5.6177607
5.6177607
5.6177607
5.6177607
5.6177607
5.6177607
5.6177607
5.6177607
5.6177607
5.6177607
5.7142854
5.844156
5.9740257
6.1038957
6.233766
6.363636
6.4935064
6.6233764
6.7532463
6.8831167
7.0129867
7.142857
7.272727
7.4025974
7.5324674
7.6623373
7.7922077
7.9220777
8.051948
8.181818
8.311687
8.441558
8.571428
8.701299
8.831169
8.961039
9.090909
9.220779
9.350649
9.480519
9.61039
9.740259
9.87013
10.0
10.129869
10.25974
10.38961
10.51948
10.64935
10.779221
10.909091
11.03896
11.168831
11.27907
11.27907
11.27907
11.27907
11.27907
11.27907
11.27907
11.27907
11.27907
11.27907
11.27907
11.27907
11.27907
2.83237
2.8947368
3.1578946
3.4210525
3.6842105
3.846154
4.1025643
4.3589745
4.615385
4.871795
5.1282053
5.3846154
5.641026
5.6756754
5.6756754
5.6756754
5.6756754
5.6756754
5.6756754
5.6756754
5.6756754
5.6756754
5.6756754
5.6756754
5.6756754
5.6756754
5.6756754
5.6756754
5.6756754
5.6756754
5.6756754
5.6756754
5.6756754
5.6756754
5.714286
5.844156
5.974026
6.103896
6.233766
6.3636365
6.4935064
6.623377
6.753247
6.8831167
7.012987
7.142857
7.2727275
7.4025974
7.532468
7.662338
7.7922077
7.922078
8.051949
8.181818
8.311688
8.441559
8.571428
8.701299
8.831169
8.961039
9.090909
9.220779
9.350649
9.480519
9.61039
9.74026
9.87013
10.0
10.12987
10.259741
10.38961
10.519481
10.649351
10.779221
10.909091
11.038961
11.168831
11.298701
11.395349
11.395349
11.395349
11.395349
11.395349
11.395349
11.395349
11.395349
11.395349
11.395349
11.395349
11.395349
2.8612716
2.8947368
3.1578946
3.4210527
3.6842105
3.846154
4.1025643
4.3589745
4.615385
4.871795
5.1282053
5.3846154
5.641026
5.733591
5.733591
5.733591
5.733591
5.733591
5.733591
5.733591
5.733591
5.733591
5.733591
5.733591
5.733591
5.733591
5.733591
5.733591
5.733591
5.733591
5.733591
5.733591
5.733591
5.733591
5.733591
5.8441563
5.974026
6.1038966
6.2337666
6.363637
6.493507
6.623377
6.7532473
6.883117
7.0129876
7.1428576
7.2727275
7.402598
7.532468
7.6623383
7.792208
7.922078
8.051949
8.181818
8.311688
8.441559
8.571429
8.7013
8.831169
8.96104
9.09091
9.220779
9.35065
9.48052
9.61039
9.74026
9.870131
10.0
10.12987
10.259741
10.38961
10.519481
10.649351
10.779222
10.909091
11.038961
11.168832
11.298701
11.428572
11.511627
11.511627
11.511627
11.511627
11.511627
11.511627
11.511627
11.511627
11.511627
11.511627
11.511627
